10944750 19673
10944750 25372
10944750 25372
10944750 28752
10944750 28752
12028500 21392
12028500 21392
12028500 16540
12028500 18496
12028500 11196
12028500 11196
12028500 11196
12028500 13390
12028500 13390
12028500 13390
12028500 13390
12028500 15311
12028500 21975
12154500 13226
12154500 17640
12154500 17640
12154500 17640
12154500 17640
12154500 17214
12154500 7611
12154500 7868
12154500 7868
12154500 7868
12154500 7868
12154500 7868
12154500 7868
12154500 7868
12154500 7868
12154500 7868
1620500 1195
1620500 28774
1620500 23735
1620500 23735
1620500 23735
1620500 23735
1620500 5833
4716750 8511
4716750 2963
4716750 25318
4716750 29202
4716750 29202
4716750 13784
4844000 28362
4844000 27396
4844000 7868
4844000 5598
5654000 528
5654000 5896
5654000 5896
5654000 23861
5654000 4571
5780000 23781
5780000 539
5780000 21092
5780000 21071
5780000 17214
5780000 2173
5780000 17061
5780000 17061
5780000 18515
5780000 27257
5780000 7037
5780000 1461
5780000 5157
5780000 21979
5780000 1000
5780000 15315
5780000 11022
5780000 11022
5780000 471
5780000 29224
6061250 11176
6061250 29203
8170750 1966
10224750 11679
10224750 21393
10224750 1481
10224750 1481
10229250 21593
10229250 18289
10229250 23774
10229250 24541
10229250 8689
10229250 8689
10229250 22179
10229250 24869
10302500 6630
10302500 6630
1110750 3458
12015000 22240
12015000 26900
12015000 5176
12015000 15138
12173500 554
12173500 554
12173500 554
12173500 554
12173500 554
12173500 554
12173500 554
12173500 554
12173500 554
12173500 554
12173500 554
12173500 554
12173500 554
12173500 554
12173500 554
12173500 3627
12173500 3627
12173500 3627
12173500 3627
12173500 3627
12173500 3627
12173500 3627
12173500 3627
12173500 3627
12173500 21110
12173500 15534
12173500 15405
12173500 15405
12173500 15405
12173500 15405
12173500 15405
12173500 28184
12173500 28184
12173500 28184
12173500 1325
12173500 1325
12173500 1325
12173500 28370
12388250 1539
12388250 28391
1971500 27791
1971500 21715
1971500 14415
1971500 7654
1971500 11000
1971500 22043
1971500 26860
1971500 25329
1971500 25329
1971500 25329
1971500 8316
1971500 7096
1971500 7096
1971500 3151
1971500 19166
1971500 7230
1971500 24070
2626250 20206
3963750 13020
3963750 11176
3963750 4949
3963750 4949
3963750 4949
3963750 4949
3963750 4949
3963750 7096
3963750 23475
3963750 3590
3963750 12977
434750 4571
434750 19394
434750 19394
434750 27511
434750 27511
434750 16972
434750 16972
434750 6104
434750 19973
5220750 28438
5220750 28438
5220750 8689
5220750 8689
5220750 8689
5220750 8689
5220750 8689
5254500 24601
5254500 22043
5254500 4336
5254500 12717
5254500 21672
5254500 25488
5254500 18072
5254500 15478
5254500 7868
5254500 7868
5254500 3313
6067750 23698
6571000 12162
6571000 12162
6571000 27052
6571000 4254
6571000 4254
6571000 4254
6571000 4254
6849750 2199
6849750 2199
6849750 4819
6849750 12161
6849750 19394
7703750 3651
7703750 3626
7703750 8278
7703750 23304
7703750 18868
7703750 6398
7703750 18075
7703750 22908
7703750 18730
7703750 527
7703750 7542
7703750 12394
8149250 12162
8149250 24015
8149250 11679
8149250 11679
8149250 11196
8149250 11196
8149250 11196
8149250 11196
8757750 18024
8757750 18024
8757750 24601
8757750 26288
9288000 11328
9288000 2971
10696000 1995
10696000 14887
10696000 11022
10696000 11022
10696000 24440
11391250 28924
11391250 28924
11391250 28924
11391250 28924
11391250 28924
1661750 9802
1661750 3324
1661750 1731
1661750 22342
1661750 14020
1661750 3151
1832000 10916
1832000 25687
1832000 25687
2771250 476
2771250 1494
2771250 2513
2771250 2513
2771250 2963
2852250 11682
2852250 21706
3001000 21995
3001000 11080
3211250 7173
3211250 11076
3211250 16110
3211250 12431
3211250 12431
3581250 28411
3581250 5848
3581250 22126
3581250 22126
3581250 22126
4256500 2410
4256500 2410
5034000 7465
5034000 7465
5901250 14575
5901250 14575
5901250 14575
5901250 12606
6257000 14795
6257000 12285
6257000 16540
6257000 22749
6257000 23563
6257000 23563
6257000 21071
6257000 11849
6257000 3740
6257000 23628
6257000 23628
6996000 13754
9720000 13830
9720000 2771
11362000 5330
12008000 24274
12008000 20979
12008000 14261
12008000 17647
12008000 25618
12008000 4960
12215000 9363
12215000 8637
12215000 8637
12215000 6672
12215000 14942
1969000 15887
1969000 12220
1969000 12220
1969000 18002
1969000 18002
1969000 5987
2132250 14159
3089500 1917
4770500 28975
4770500 15315
4770500 24196
4770500 9165
4770500 9165
4770500 24869
4770500 5797
4770500 2610
4770500 18075
4770500 20297
4770500 4808
4809750 23884
4809750 679
799000 29099
799000 3555
799000 25839
799000 24553
8102000 768
8102000 768
8102000 21110
9035750 18697
9035750 18544
9035750 7850
9035750 7850
9035750 17732
9035750 25618
9035750 18024
9035750 27052
9035750 29099
9035750 20661
9035750 20661
9035750 17977
9035750 17977
9163000 23475
9163000 11482
9163000 6571
9163000 11080
9244000 17393
9244000 7868
9244000 7868
9244000 13442
1046250 18196
1046250 27791
10768750 19993
10768750 19993
10768750 6672
11046750 7169
11339250 6828
12027000 21865
12027000 2322
1904750 9138
1904750 27314
1904750 23928
1906000 21110
1906000 2438
1906000 2438
1906000 2438
1906000 2683
1906000 12285
1906000 11448
1909250 20516
1909250 20516
1909250 15992
1909250 6326
1909250 6326
1909250 504
1909250 504
1909250 504
1909250 504
1909250 504
1909250 504
1909250 504
1909250 504
1909250 504
1909250 504
1909250 504
1909250 504
1909250 504
1909250 504
1909250 504
1909250 504
1909250 18180
1909250 10014
1909250 10014
1909250 24645
1909250 24645
1909250 24645
1909250 24645
1909250 23470
1909250 23470
2138750 14120
2874500 3047
2874500 4172
2874500 7868
2874500 7868
2874500 28370
2921750 11201
2921750 143
3524750 4808
3524750 4491
3524750 26871
3524750 26871
3849750 9549
4184250 8689
4184250 11196
4184250 11196
4184250 4949
4184250 241
4184250 14020
4184250 14020
4184250 14020
4215750 21085
4215750 23656
4215750 15302
4215750 26127
4215750 17356
4215750 14573
4215750 4125
4215750 11391
4215750 4281
4215750 9340
4215750 9878
4956000 28675
4956000 15315
5108000 155
5108000 15094
5108000 15094
5108000 29547
5108000 29547
5108000 4254
5108000 4254
5108000 12346
5108000 14020
5108000 23628
6874250 12747
6874250 2683
6874250 2683
6874250 2683
6874250 2683
6874250 2683
6874250 2683
6874250 2683
6874250 2683
6874250 2683
6874250 11080
6874250 14265
6874250 14265
6874250 24844
6874250 28410
6874250 8637
6874250 13483
6874250 12168
6874250 12168
6874250 12168
6874250 12168
6874250 12168
6874250 12168
8040000 8257
8040000 8257
8040000 12994
8040000 17084
8040000 17084
8040000 10151
8040000 4762
8040000 239
8040000 27205
8040000 23285
8040000 11018
8040000 15138
8040000 15138
8040000 18275
8040000 13872
8040000 9792
8040000 12541
10095000 14261
10095000 16624
10831750 5640
10831750 5640
11434750 21823
11434750 7071
11434750 7071
11434750 9985
11434750 9985
11434750 9985
11434750 9985
11434750 9985
11434750 9985
2078000 17449
2078000 17449
2078000 7622
2078000 17752
2078000 14902
2078000 14902
2078000 4644
3590000 9907
3590000 7567
3590000 28924
3787750 26969
3787750 26969
3787750 26969
3787750 26969
5898500 7105
5898500 23433
7367000 21336
7367000 21336
7367000 17945
7367000 13607
7367000 11083
7367000 20297
7367000 143
7687500 619
7687500 6737
7687500 12182
7687500 16453
7687500 14603
7687500 7868
7687500 19574
7687500 18730
7687500 5369
7687500 3787
7687500 14498
7687500 14498
7687500 12364
7687500 28625
7687500 13853
10064500 29099
10064500 8269
10064500 22583
10064500 5799
10064500 12220
11340250 25329
11340250 14294
11340250 14294
11340250 26973
11612500 18741
11612500 5848
11612500 5848
11612500 5848
3035250 11080
3035250 11080
3226500 22240
3226500 11954
3226500 6621
371250 7620
371250 25596
371250 21110
42000 11578
42000 13390
4994000 25596
5754500 23214
5754500 25618
5754500 14784
5754500 11790
5754500 14020
5754500 10282
5754500 143
5754500 28752
8649250 2826
9173750 10999
9173750 16110
9173750 16110
9173750 15315
9173750 11679
9173750 16540
9173750 16540
9173750 7560
9173750 12541
9173750 29224
9173750 13784
9173750 14020
9628250 18024
9628250 23779
9628250 23779
9628250 23779
9706000 29099
9706000 29099
9706000 25933
9706000 13765
9706000 742
9706000 11487
9706000 6364
9706000 19431
9706000 23340
9706000 23340
9706000 29363
9706000 849
9706000 9612
9706000 6740
9706000 12168
9706000 12168
9706000 12168
9706000 12168
9706000 12168
9706000 12168
9706000 12168
9706000 12168
9706000 20297
9706000 20297
9706000 20297
9706000 22094
9706000 22094
981000 11176
981000 11176
981000 14153
981000 27160
981000 27160
981000 12394
981000 12394
981000 14020
10054250 19660
10054250 19660
10054250 19660
10054250 19660
10054250 19660
10054250 19660
10054250 19660
10054250 19660
10054250 19660
10054250 19660
10054250 19660
10054250 19660
10054250 4667
10054250 4667
10054250 4667
10054250 4667
10054250 4667
10054250 11159
10054250 11159
10054250 1079
10054250 20297
10619000 12647
1459750 25830
1966250 3228
1966250 3228
1966250 25260
1966250 25260
3054250 11931
3054250 29203
3054250 5448
3054250 12285
3054250 14020
3054250 3151
3054250 9563
3293750 26523
3293750 26523
3293750 18075
3952000 4648
3952000 19837
3952000 13998
3952000 21844
3952000 25917
3952000 2128
3952000 4479
3952000 29099
4850000 614
4850000 12512
4850000 4731
4850000 11605
4963500 15534
4963500 16572
4963500 21110
4963500 21092
4963500 18002
5906250 143
10393750 29265
10393750 29265
11493000 7868
11493000 7868
11493000 7868
11493000 7868
11493000 7868
11493000 7868
11493000 7868
11493000 7868
11493000 12453
11493000 12453
11493000 1533
11493000 4694
11493000 14661
11493000 22727
11493000 22727
11493000 22727
11894500 24009
12231250 27155
12231250 28149
12231250 24274
1446250 1155
1446250 14525
1446250 23482
1446250 20297
3188000 18025
3188000 16463
3188000 26618
3520000 4499
3520000 2999
3520000 27927
3520000 1700
3520000 1700
3520000 10702
3520000 18829
3520000 23409
3520000 28065
3520000 9563
3520000 7105
38250 15138
38250 10051
38250 10051
38250 17590
38250 14265
38250 14265
38250 14265
5959000 4078
6247250 8171
6247250 25618
6247250 15814
6247250 15814
6247250 15814
6564500 18730
6564500 16406
6564500 16406
6564500 16406
6564500 16406
6564500 16406
6564500 29095
6564500 4949
6564500 14902
6564500 14902
6564500 14902
6564500 14902
6564500 11790
6564500 11612
6564500 11612
6564500 11612
6564500 11612
6564500 11612
6564500 11176
6564500 11176
6564500 11176
6564500 11176
6564500 26576
6564500 26576
6564500 21950
6564500 12977
6564500 12977
6564500 12977
6564500 12977
7699500 9802
7699500 9802
7699500 14182
7699500 14182
7699500 11679
7699500 23928
7699500 13592
7699500 23698
7699500 5848
7699500 1546
7699500 26127
83250 1731
83250 7989
83250 7624
83250 21238
83250 25753
83250 8769
83250 28885
83250 25329
83250 6174
10047250 3555
10047250 12132
11142000 17407
11142000 17407
1381000 14261
1381000 25329
1381000 29099
1381000 8724
1381000 22099
2428500 1396
2428500 17153
380000 5620
380000 14174
380000 14174
380000 14174
380000 14174
380000 14174
380000 12329
380000 1773
4102750 20585
4102750 20585
4102750 26843
4922750 18013
4922750 2669
4922750 2669
4922750 20701
5769750 18731
5769750 2455
5769750 26614
5769750 143
5847500 29505
5847500 21865
5847500 28504
6619500 21067
6619500 3627
7927750 15065
7927750 26288
7927750 3032
7927750 12674
7927750 20279
7927750 26341
8129250 18097
8129250 18097
8129250 28617
8129250 7868
8129250 7868
8129250 16323
8129250 22999
8129250 25733
10063000 21110
10063000 10893
10063000 10893
10063000 14930
10063000 14930
10063000 22889
10257500 10893
10257500 10893
10257500 4281
10309250 14942
10309250 11734
10309250 18996
10309250 15192
11111500 4216
11321750 29547
11321750 28481
11321750 4262
11321750 19891
11321750 21672
11321750 29330
11321750 13745
11321750 9906
11321750 4238
11321750 10879
11321750 27205
11321750 22880
11321750 7997
11321750 7997
11321750 15390
11321750 4294
11321750 12358
11321750 21684
11321750 6242
11936000 13020
12337750 21092
12337750 13888
1240250 18392
1240250 20297
145750 11196
145750 11578
145750 24242
145750 24242
1517000 7208
1517000 24087
1517000 15086
1517000 27205
1517000 4808
1517000 16302
1812000 11196
1812000 11196
1812000 11196
1812000 11196
1812000 7868
1812000 19814
2492500 20979
2492500 20979
2492500 20979
2492500 20979
2492500 20979
2492500 20979
2492500 20979
2492500 20979
5012750 2208
5012750 2208
5012750 2208
5012750 2208
5012750 2208
5012750 13020
5012750 5053
5012750 11196
5012750 10893
5012750 8799
5012750 5043
5012750 1335
5012750 14818
5143250 27567
5143250 14482
5143250 29547
5143250 20411
5143250 23549
5143250 6880
6848750 7070
6848750 4307
6848750 22894
6848750 264
6848750 21336
6848750 21336
6848750 21336
7545250 13891
7545250 14381
9782000 7248
9782000 3151
9782000 6724
9782000 29364
9782000 29364
10069500 21400
10069500 8978
10069500 4571
10069500 8637
10069500 15322
10069500 15322
10069500 21838
10069500 7868
10069500 19973
10401500 13258
10401500 20979
10401500 8816
10401500 12189
10401500 12189
10401500 27791
10401500 27791
10401500 12189
10774750 27199
10774750 14942
10774750 1577
10774750 1577
11874000 4220
11874000 4220
11874000 18180
11874000 18180
11874000 1282
11874000 12220
11874000 12220
11874000 13844
11874000 13844
11874000 4510
11874000 10014
1324500 2198
1324500 10404
1324500 10647
1324500 7868
1324500 7868
1324500 7868
1324500 7868
3981750 25386
3981750 27791
3981750 15602
3981750 6520
3981750 6520
452750 14796
452750 14796
452750 15638
452750 21865
452750 24392
47000 23549
47000 23549
47000 23549
6003750 12285
6003750 15414
6003750 15414
6003750 26618
6003750 4750
6003750 7737
6003750 7737
6003750 23628
6003750 10726
6003750 7868
6003750 3393
6003750 5053
7016500 26546
7190750 27791
7190750 27791
7190750 9413
7190750 14526
7886000 6880
7886000 5094
8033500 12435
8033500 6113
8033500 6113
8033500 2471
8033500 2471
8033500 2471
8033500 2471
8033500 12489
10261750 23896
10261750 17061
10261750 21657
10261750 21657
10261750 8278
10261750 18805
10261750 23628
10261750 14261
10261750 14261
10261750 14261
10261750 14261
10261750 14261
10261750 14261
10261750 14261
10261750 14261
10261750 14261
10261750 14261
10261750 5285
10261750 14533
10261750 14533
10261750 17060
10588000 15138
10588000 15138
10588000 9295
10588000 14020
10790500 7105
11730000 1446
11730000 12914
11730000 13390
11730000 13390
11730000 13390
11730000 13390
11730000 13390
11730000 18523
11730000 422
11730000 13787
11730000 5443
11730000 471
11972750 15631
11972750 15631
11972750 15631
11972750 954
11972750 17972
11972750 21693
11972750 21693
2168250 7868
2168250 7868
2870250 17606
2870250 17606
2870250 29363
2870250 8327
2870250 15096
2870250 14020
2870250 14020
2870250 14020
2870250 14020
2870250 14020
3795000 12352
3795000 29099
3795000 29099
4853750 25596
4853750 19955
4902250 4709
4902250 2323
4902250 14360
4902250 8207
4902250 27111
5052000 7868
5052000 7868
6400000 2452
6400000 2452
6400000 2452
6400000 2452
6400000 2452
6400000 2452
6400000 2452
6400000 2452
6400000 2452
6400000 22371
6400000 2600
6400000 3536
6400000 15065
6400000 18712
6400000 15258
6400000 15258
6400000 9567
6400000 28270
6400000 20551
6400000 26737
6400000 3313
6400000 3313
711500 26722
711500 26722
711500 26722
711500 26722
711500 26722
711500 26722
711500 26722
711500 26722
711500 26722
711500 26722
711500 26722
711500 26722
711500 26722
711500 11052
711500 11052
711500 11052
711500 11052
711500 11052
711500 11052
711500 17118
711500 17118
9437500 15718
9437500 7208
10492250 28752
10492250 12606
10492250 20045
10492250 20045
10492250 24984
10609250 5330
1074500 16602
1074500 16602
1074500 9567
1074500 9567
1074500 12606
154500 28621
154500 8689
154500 8689
154500 8689
154500 8689
154500 13830
154500 5863
154500 5863
154500 29197
1953250 6783
1953250 14020
1953250 14020
1953250 21979
1953250 23984
1953250 8313
1953250 3658
1953250 3658
1953250 3658
1953250 3658
1953250 3658
1953250 3658
1953250 20918
1953250 12394
1953250 12394
1953250 12394
2182750 18808
2182750 19643
2182750 19643
2378500 17470
2378500 18937
2378500 18937
2378500 12886
2378500 2669
2378500 10014
2378500 14795
2378500 19974
2378500 23774
2378500 23774
2378500 23774
2378500 26619
2920750 22400
2920750 12285
2920750 13757
2920750 15946
2920750 14119
2920750 16302
2920750 29490
2920750 8669
2920750 23538
3363000 15315
3363000 25742
3363000 18868
4004500 19686
4004500 18281
4054000 20121
4054000 24088
4054000 24088
4133750 9919
4133750 14451
4133750 14451
4133750 25372
4133750 25372
4133750 27638
4133750 27638
4133750 27638
4133750 27638
4133750 27638
4133750 27638
4133750 27638
4133750 27638
4133750 27638
4133750 20127
5187750 1481
5187750 1481
573000 19615
573000 19615
573000 18868
573000 18868
7103000 12586
7103000 23662
7103000 15423
7103000 11080
7103000 15019
7103000 15019
7103000 15019
7269250 26180
7476250 29099
7476250 24907
848500 259
848500 7286
848500 7286
848500 23628
9212500 7150
9212500 14596
9794000 9301
9906500 8689
9906500 23656
9906500 23656
9906500 26298
9906500 155
9906500 5185
9906500 5185
9906500 5185
9906500 5185
9906500 12394
9906500 28411
1140750 17823
1140750 14261
1140750 6741
1140750 22313
1140750 15395
1140750 7868
1140750 12541
1140750 12541
11564250 25483
11564250 25483
11564250 25483
11564250 25483
11564250 25483
11564250 25483
11564250 25483
11564250 25483
11564250 25483
11564250 1831
11564250 14969
11564250 14969
11564250 14969
11564250 14969
11564250 14969
11564250 6104
11564250 6104
11564250 9140
2200750 9315
2200750 8630
2200750 12674
2688750 3181
2688750 1739
2688750 155
2688750 28391
2688750 15721
2688750 22749
2688750 19814
2688750 3774
4186500 27092
5239500 14153
5239500 14153
5239500 14153
5239500 14153
5491500 20803
5491500 21092
5491500 9472
5491500 9472
5491500 25989
5491500 14265
5491500 25212
5491500 25212
5491500 25212
5491500 25212
6766250 9109
6766250 3977
6766250 29547
6766250 6988
6766250 4307
6766250 4307
6957500 22029
6957500 22029
6957500 24898
6957500 27448
6957500 24417
6957500 1065
6957500 16722
6957500 16722
6957500 12754
7657250 7997
7657250 7997
7657250 7997
7657250 29445
7657250 29445
7657250 2043
835000 13878
835000 21462
835000 5848
835000 14048
835000 14048
835000 16722
835000 16722
835000 8637
835000 7990
835000 9912
835000 207
835000 25642
835000 14020
835000 5845
835000 19632
835000 19632
835000 19632
835000 25215
8702500 29547
8702500 29547
8702500 7105
8702500 7105
8702500 7105
8702500 24780
8702500 24780
8702500 8257
8702500 617
8702500 23779
8702500 23779
8702500 23779
8702500 23779
8949750 16818
8949750 17438
8949750 17438
8949750 21962
9394500 26712
9394500 15018
9394500 29099
9394500 16540
9394500 29472
9394500 14588
9394500 23781
9394500 8965
9394500 14533
10112000 6839
10322250 1731
10322250 10702
10322250 18575
11984750 993
11984750 3627
11984750 3627
1815750 13998
2788750 11176
2788750 10702
2788750 8842
2788750 18515
2788750 11431
2788750 7096
3149000 9486
3149000 9486
3723750 3406
3723750 14020
4047000 26737
4047000 3983
4047000 7208
4047000 29446
4047000 29446
4047000 29446
5968250 13097
5968250 16406
5968250 16406
5968250 26516
6205000 27470
6654750 14261
7306250 22359
7306250 4691
7306250 2249
7513250 24590
8145500 18124
8145500 21883
8145500 21883
8195000 8943
8195000 21672
8195000 11080
9782500 6352
11552750 23448
11683250 24704
11683250 14603
11683250 12541
11683250 12541
12371000 23896
12371000 12737
12371000 17514
12371000 25086
12371000 25570
12371000 24541
12371000 11776
12371000 8628
12371000 17767
12371000 12394
12371000 12394
12371000 12394
12371000 12394
12371000 14294
12371000 2254
12371000 11543
1699500 16716
1699500 16716
1699500 16716
1699500 24715
1699500 24715
1699500 24715
1758250 28463
1758250 28463
1758250 2764
1758250 27791
1758250 28481
1758250 3091
1758250 6571
3168000 3082
5199750 679
5293250 15672
5293250 3995
5293250 679
7034000 3850
7034000 26829
7163250 20154
7163250 22609
7163250 19702
7163250 18791
7163250 26595
7163250 9567
7163250 17748
7163250 17748
7435500 24886
7435500 7975
745750 21071
745750 24869
9436000 504
9436000 504
1104500 14294
1104500 18678
200250 12352
200250 12352
200250 12352
200250 12352
200250 5856
200250 25570
266500 9487
266500 255
266500 9657
266500 9486
266500 10282
266500 10282
266500 10282
266500 10282
3266750 5416
3310750 15432
3310750 15432
3310750 15432
3310750 15432
3310750 24083
3310750 25086
3310750 23774
3310750 14952
3588500 7432
3588500 18712
3588500 8637
3588500 4644
4376250 19993
4376250 16155
4376250 15631
4376250 15631
4376250 15631
4376250 15631
4376250 15631
4376250 15631
4376250 15631
4376250 15631
4376250 15631
4376250 8689
4376250 8689
4376250 8689
4376250 27407
4376250 27407
4376250 12790
4376250 21225
4376250 21225
4376250 18281
4376250 28368
4533750 4324
4533750 4324
4533750 10908
4533750 24514
7003500 11196
7003500 25090
8070000 29197
8523250 7827
8523250 25500
8523250 1731
8730250 911
8730250 911
8730250 911
8730250 911
8730250 911
8730250 911
8730250 911
8730250 911
8730250 8257
8730250 12068
8730250 12068
8730250 12068
8730250 12068
8799750 3252
8799750 20826
8799750 20826
8799750 20826
8799750 12018
8799750 12018
8799750 12018
8799750 12018
9039750 1293
9039750 14580
9199500 29099
9199500 24969
9199500 4081
9982500 542
9982500 542
9982500 20800
10654750 12212
2768250 23421
3573750 11176
3573750 25260
3573750 15831
4423500 24193
4423500 24193
4423500 24193
4680000 16463
5155750 15018
5155750 14661
5155750 2999
5155750 7432
5155750 18024
5155750 11969
5238000 21833
5238000 21833
5238000 9620
5238000 15018
5238000 15018
5238000 527
5440500 25272
5440500 17945
5440500 11080
5440500 5043
5655250 11196
5655250 11196
5655250 3702
5655250 14048
6299000 25830
7269750 19475
7892000 911
7892000 1530
832250 26670
832250 29330
832250 28859
8529750 23013
8529750 22583
8529750 9702
8940500 11080
8940500 251
8940500 13784
8940500 2655
9972250 7963
9972250 15138
10592750 13093
10966250 17087
10966250 251
2331750 24385
2331750 27179
2331750 953
2331750 953
2331750 953
2331750 8628
2331750 29099
2331750 19539
2331750 7179
2331750 7179
2331750 10584
3549000 5184
3675000 14292
3675000 13779
3675000 6498
3675000 10232
3675000 7297
3675000 1138
3675000 1565
3675000 1565
3675000 9563
3675000 11635
3675000 16722
3675000 15024
3675000 20338
3751500 20300
3751500 10193
3751500 23284
3751500 28411
5336750 25272
5336750 24669
5336750 11000
5336750 21427
8435250 11679
8435250 16110
8435250 18730
8435250 16540
8435250 16540
8435250 23896
8435250 14261
8435250 14261
9121750 21838
9121750 25733
9121750 18805
9121750 5799
9121750 15946
9121750 19974
9946250 21865
9946250 21865
9946250 21865
9946250 23241
9946250 26619
9946250 26619
11632250 25022
11632250 25022
11632250 25022
11632250 4819
1247000 25635
2882750 4452
2882750 4452
2882750 4452
2882750 4452
2882750 4452
2882750 4452
2882750 4452
2968250 11624
2968250 8637
2968250 16463
2968250 14273
5226500 3627
5226500 3627
776750 12717
776750 27401
776750 29084
776750 18388
776750 18388
776750 22043
776750 19829
776750 9991
776750 4329
776750 26699
776750 26699
10212500 24081
10212500 24081
10212500 24081
10212500 24788
10212500 24788
10212500 15959
1025250 13247
1025250 13247
1025250 13247
1025250 13247
1025250 13247
2033500 712
2033500 11176
2033500 11176
2033500 11176
2033500 12352
2033500 28270
2033500 16110
2033500 8689
2033500 8689
2033500 8689
2033500 11465
2033500 11465
2033500 11465
472000 23584
472000 23584
472000 23584
472000 3515
472000 3515
472000 3515
472000 3515
472000 25333
472000 25333
472000 25333
472000 25333
472000 25333
472000 25333
472000 25333
472000 25333
472000 25333
472000 25333
472000 25333
472000 25333
472000 6211
472000 6211
472000 6211
4804500 28465
4809000 22211
4886500 26789
5248750 27035
5248750 27035
5248750 28924
5248750 28924
5248750 28924
5248750 28924
5248750 28924
5248750 28924
5248750 28924
7854500 4949
7854500 7323
7854500 7323
7854500 7323
7854500 7323
7854500 7323
7854500 14902
7854500 2421
7854500 11080
7854500 20484
7854500 12285
7854500 19217
7854500 7552
7854500 527
8216750 24281
8216750 24281
10443000 1392
10443000 19466
10443000 19466
10443000 14482
10443000 28378
10443000 13460
10443000 10570
10443000 23628
10443000 23628
10653250 21392
10653250 20180
10653250 26034
10653250 4320
10653250 619
10653250 18891
10653250 29203
11078500 18024
11078500 9275
11078500 9275
11625250 18990
11625250 18990
11625250 18990
11625250 18990
11625250 18990
11625250 18990
11625250 18990
11625250 18990
11625250 18990
11625250 18990
11625250 18990
11947000 1758
11947000 9522
11947000 9522
11947000 13103
11947000 13103
11947000 28967
11947000 2322
11947000 23482
11947000 23482
11947000 24417
11947000 15233
4454500 4059
4454500 26699
4454500 27117
4454500 27117
4454500 27117
4454500 27117
4454500 27117
4454500 27117
4454500 27117
4454500 15019
4454500 15019
4454500 15019
4454500 15019
4454500 15019
4454500 15019
4454500 15019
4454500 15019
6458250 7692
6458250 27205
6458250 23475
6458250 22280
6900500 6805
7600250 11176
7600250 25570
7600250 3228
7600250 3228
7600250 24869
7715000 11790
7715000 11790
7715000 24978
7715000 13795
7797000 12754
892500 10306
892500 18741
892500 23403
892500 23403
892500 2669
892500 18805
892500 17446
10818500 1038
10818500 17855
10818500 5334
10818500 5334
1173500 5848
1173500 15661
1173500 15661
12204750 21533
12204750 7963
12204750 6571
1338750 845
1338750 845
2076000 24886
2076000 24886
2448250 949
2448250 24669
2891500 3627
2891500 3627
2891500 3627
2891500 3627
2891500 819
2891500 8027
2891500 8027
2891500 8027
2891500 8027
2891500 14580
2891500 255
2891500 255
2891500 255
2891500 2257
2891500 2257
2891500 2257
2891500 2257
2891500 2257
2891500 2257
2891500 2257
2891500 2257
2891500 2257
2891500 2257
2940000 11272
2940000 24519
2940000 11767
2940000 11767
2940000 25260
2940000 25260
2940000 25260
2940000 25260
2940000 14580
2940000 2683
2940000 2683
2940000 26722
2940000 26722
2940000 26722
2940000 12168
2940000 12168
2940000 12168
2940000 12168
2940000 12168
2940000 12168
4059500 805
4059500 12159
4059500 28465
4059500 16463
4059500 16463
4153000 26523
4153000 22621
4153000 9567
4153000 27539
4153000 21865
4153000 21865
4153000 17835
4153000 14942
415500 554
415500 554
415500 23164
415500 194
4895250 24541
4895250 11638
4895250 16624
4895250 26308
4895250 1335
4895250 19166
5899750 12220
7976750 25483
7976750 26806
7976750 19813
8049000 14240
8049000 26180
8049000 4582
8049000 17664
8049000 3850
8049000 14821
8049000 20979
8049000 1704
8628250 29465
8628250 20979
8628250 28481
8628250 8630
10756500 14942
1118250 19096
1118250 26665
1118250 26665
1118250 10970
1118250 3068
1118250 11176
1118250 5661
1118250 18712
1118250 24306
1118250 24306
1118250 24306
1118250 14794
12016750 12078
12016750 24277
12016750 28662
1244250 28183
1244250 1691
1244250 1691
1244250 4324
1244250 4324
1767500 14626
2386250 948
2386250 948
2386250 7061
2386250 7061
2386250 7061
2386250 7061
2386250 7061
2386250 7061
2386250 7061
2752000 12243
2752000 12243
2752000 11679
2752000 27906
2752000 3032
2752000 3032
2752000 3032
2752000 3032
2752000 3032
2752000 26728
2752000 5667
2752000 22179
2752000 22179
2752000 19405
2752000 3313
2752000 14074
2752000 2042
2752000 5043
439000 16821
439000 16821
439000 3390
439000 7868
439000 7868
439000 7868
439000 7868
439000 7868
439000 7868
439000 26404
439000 26404
439000 25415
439000 25415
439000 25415
439000 25415
439000 25415
439000 25415
439000 25415
439000 12287
439000 12287
439000 12287
5962750 2683
5962750 9640
5962750 5803
5962750 5803
5962750 7105
5962750 16800
5962750 16800
5962750 5151
5962750 17706
7143250 23896
7143250 22087
7143250 22087
7143250 22087
7143250 22087
7143250 22087
7143250 26114
7143250 28641
7143250 19941
7143250 24281
7143250 2771
7143250 12865
7143250 29203
7143250 1773
7143250 15799
9079500 7208
9079500 24447
9079500 25272
9079500 15741
9079500 27314
9079500 7868
9079500 7868
9079500 25669
9079500 4691
9079500 11022
9123500 15138
9123500 7080
9123500 14694
9123500 14694
9123500 14694
9123500 14694
9123500 14694
9123500 14694
9123500 3433
9123500 2610
9123500 20846
9123500 12168
9123500 12168
9123500 12168
9123500 12168
9123500 12168
9123500 12168
9123500 12168
969750 3047
969750 17823
969750 17823
969750 2963
969750 2367
10539250 1461
10539250 1461
11137750 934
11137750 24669
11137750 12068
11137750 24869
11137750 19891
11137750 19891
11137750 22447
1459000 6147
1911500 21815
4259500 11018
4259500 29099
4259500 29099
4259500 12541
4259500 11176
4259500 15315
4259500 15315
4547500 8257
5037000 14796
5037000 14796
5037000 27791
5037000 27508
5037000 7868
5279750 2368
5279750 2368
5279750 2368
5279750 3228
5726500 17244
5726500 17244
5726500 13779
5726500 23465
5726500 14470
746000 155
746000 155
746000 6571
746000 21865
746000 21865
746000 7105
746000 3032
746000 12435
8163500 18868
9179500 17629
9179500 12220
9179500 11196
9179500 11196
9179500 27637
9179500 27637
9352750 28759
9352750 28759
9352750 28759
9352750 28759
9352750 28759
9352750 28759
9352750 18075
9352750 17133
9352750 17133
9807250 18905
9807250 18905
9807250 18905
9807250 7868
9807250 7868
9807250 7868
9807250 7868
9807250 7868
9807250 7868
9807250 6096
9807250 26699
10972250 23779
11158000 28876
11158000 21930
11158000 21930
11158000 21930
11158000 8637
11158000 26422
11158000 21657
11158000 239
11158000 239
11158000 239
11158000 6738
11158000 7868
11158000 7868
11158000 7868
11158000 12076
11494250 11196
11494250 11196
11494250 8676
11734000 14490
11734000 13084
11782250 18002
2088000 21883
2088000 617
2088000 15019
3396250 29077
3846250 16722
3846250 15584
3846250 8719
3846250 11679
4115500 6731
4115500 6731
4115500 6731
4115500 14470
4370750 15638
4370750 4078
4370750 23628
65500 5443
65500 5443
65500 5814
65500 21840
65500 29202
65500 28687
8072250 14894
8072250 23143
8072250 27033
8072250 19514
8072250 11196
8072250 526
8072250 22
8072250 19036
8072250 14020
1492500 11679
1492500 24886
1528500 26546
1528500 18466
1528500 5799
1528500 5799
1528500 23781
1528500 23774
1528500 23774
1528500 23774
1528500 18736
1528500 28370
1528500 28370
1528500 22280
1528500 21092
1528500 7248
1792000 16540
1792000 9301
1792000 23214
1792000 20630
2316250 28662
2316250 15065
2316250 9688
2316250 9688
2316250 18180
2316250 1390
2316250 10948
2316250 9657
2316250 6621
2316250 26288
2316250 26288
3317500 27514
3317500 11864
3317500 7105
3317500 3032
3317500 8261
417250 12068
417250 12068
417250 21838
4378500 11857
4378500 22947
4503500 11936
4503500 24193
4503500 24193
4503500 24193
4503500 24193
4503500 24193
4503500 24193
4503500 24193
4876750 11378
4876750 949
4876750 949
4876750 949
4876750 11431
6126750 25169
6126750 25117
6126750 25117
6126750 15019
6872750 20393
7184500 7868
7184500 7868
7184500 7868
7184500 7868
7184500 7868
7184500 10193
7184500 10193
8156500 4078
8156500 10999
8156500 6447
8156500 2198
8156500 6951
8156500 19974
8528750 15315
9586500 24601
9586500 8860
9586500 8860
9586500 8860
9586500 8860
140500 3627
140500 14625
140500 14625
140500 18730
140500 10480
140500 23779
2733500 19824
3014750 18558
3014750 7868
3014750 7868
3014750 7868
3014750 13471
3014750 2353
3096750 11541
3096750 15315
3511000 19651
3511000 13020
3511000 14020
3511000 14020
4782250 5724
4782250 9658
4782250 9658
4782250 15359
4782250 10193
4782250 27791
4782250 10778
4782250 10778
5170500 6096
5170500 17581
5170500 14020
6233750 10948
6233750 3051
6233750 18180
6233750 18180
6233750 18180
6233750 18180
6233750 18180
6233750 3776
6233750 4220
6233750 4220
6233750 4220
6233750 4220
6233750 4220
6233750 10678
6233750 10014
6848000 23622
6848000 8816
6848000 24601
6848000 26619
8017000 22280
8017000 22280
8017000 27505
8017000 23284
8017000 23284
8017000 23284
8017000 23284
8017000 23284
8017000 23284
8017000 23284
8017000 23284
8017000 23284
8017000 23284
8017000 23284
8017000 23284
8017000 3719
8017000 15096
8017000 15096
8353250 7560
8353250 27205
8353250 27205
8353250 27205
8353250 3438
8353250 12285
8353250 12285
8353250 7230
9076750 17748
9076750 18575
11131750 29472
11131750 882
11794250 29099
11794250 27092
11794250 22365
3148500 22126
3148500 7620
3148500 16217
3148500 16217
3148500 16217
3148500 12795
3148500 12795
3148500 12795
3148500 12795
3148500 28561
3148500 4762
3245250 23878
3326250 10866
3326250 9389
3326250 4163
3326250 17232
3326250 9479
3326250 9479
3404000 22246
3404000 22246
3404000 22246
3404000 22246
3404000 22246
3404000 22246
4625750 24471
4625750 1000
4625750 3151
4625750 11734
4625750 17945
4625750 26000
4625750 26000
4625750 14482
4625750 24869
4625750 22321
4625750 22321
4625750 22321
4625750 17882
4625750 10570
4625750 25366
4625750 29197
4625750 10840
4625750 22749
5110750 3324
5110750 25793
5110750 26114
5110750 1739
5110750 5590
5110750 8414
5110750 1004
5110750 7096
6301250 8689
6301250 14292
6301250 574
6301250 574
6301250 574
6301250 14942
6301250 11543
6301250 11543
6301250 11543
6301250 11543
6301250 13209
6380000 20327
691500 6080
691500 27912
691500 22547
691500 20661
691500 22664
691500 22664
691500 22664
691500 22664
691500 22664
691500 28641
691500 834
691500 23013
691500 12433
691500 29445
691500 14498
691500 14554
691500 19328
691500 239
691500 21840
691500 15390
691500 8764
8160750 3958
8160750 15308
8160750 15308
8160750 17641
8160750 18529
8160750 18529
8822250 17483
8822250 18013
9513250 18024
9513250 20800
9513250 23928
9513250 23928
9671750 26722
11558000 749
11558000 749
11558000 749
1838750 16818
1838750 16818
2198750 9250
2198750 13054
2198750 13054
2198750 16550
267250 11679
267250 679
267250 13787
267250 18829
2807500 11329
2807500 18741
2807500 27117
2807500 27117
2807500 27117
2807500 27117
2807500 27117
2807500 27117
2807500 27117
2807500 27117
2807500 27117
2807500 27117
2823250 25329
299750 24601
299750 11080
3009000 5627
3009000 5627
3009000 5627
3009000 5627
3009000 5627
3009000 5627
3009000 5627
3009000 5627
3009000 5627
3009000 5627
3009000 12964
3009000 11000
3009000 17732
3009000 12327
3009000 21840
3009000 22393
3009000 22393
3009000 22393
3009000 22393
3009000 8724
3009000 8724
3009000 8724
3009000 8724
3009000 1507
3009000 19014
3009000 28347
3009000 14695
3009000 27117
3009000 27117
3009000 15019
3009000 28411
3009000 7230
3009000 2033
393250 20154
393250 22306
393250 2891
393250 13093
5828250 4808
5828250 9031
6807250 10646
6807250 22393
6807250 22393
6807250 22393
6807250 5529
6807250 8630
6807250 5712
6807250 25372
7211250 7061
7211250 23656
7211250 23656
7211250 23656
7568750 1831
7568750 12285
791500 23492
791500 24831
791500 24831
791500 24831
791500 10329
791500 14712
791500 21050
791500 8738
791500 20297
791500 16606
8346250 6734
8346250 16939
8909750 22342
8909750 15681
8909750 24054
8909750 28270
11121500 13049
11121500 13049
11121500 8530
11121500 15799
11121500 15799
11121500 15799
11121500 15799
11129250 949
11527500 16884
1365000 14580
1688750 12220
1688750 3145
1688750 7248
1688750 19671
2103250 13737
2103250 4220
2103250 7822
2103250 7567
2103250 7567
2103250 25219
2103250 12394
2103250 12394
2103250 24325
2103250 13592
2103250 5458
2103250 28855
2103250 14902
2103250 6724
2103250 22280
2103250 11022
3799500 21768
3799500 21768
448250 15911
448250 15911
448250 15911
4631250 29099
4631250 20896
4712250 18388
4712250 20902
4712250 20902
5522250 4479
6904000 9111
731750 9195
731750 9195
731750 7692
731750 7692
731750 15924
731750 15924
9215000 8651
9215000 14294
12331000 21758
1622500 18771
1622500 7522
1622500 19381
1622500 19179
1622500 19179
1710500 28065
1710500 14780
1710500 14780
2232500 24929
2232500 11060
2232500 6431
2232500 11000
2232500 679
2232500 679
2232500 26516
252500 6199
252500 23656
252500 23826
252500 23861
252500 15089
252500 18544
252500 14011
3010000 4220
3010000 13975
3781500 27161
4317250 15159
4475750 4281
4475750 8689
4475750 4949
4475750 19113
4475750 3719
4475750 3719
4475750 20551
4475750 13592
4475750 259
4475750 20536
4475750 23774
4475750 18805
4475750 9671
4475750 2227
5078750 25669
5078750 25669
5078750 23071
5078750 23628
5078750 7260
5078750 554
5078750 14596
5078750 10329
5078750 62
5078750 25329
5078750 8483
5078750 5310
5078750 9549
5078750 7096
621500 19973
621500 29099
621500 29099
621500 6326
6264750 1415
6266000 4939
6266000 23774
6921750 19197
6921750 19197
6921750 19197
6921750 19197
7445000 18075
7445000 18075
7445000 18075
7445000 16463
8910750 29078
8910750 10948
8910750 27514
8910750 27514
8910750 11330
8910750 18167
8910750 5598
8910750 5598
8910750 12688
8910750 12688
8910750 12688
8910750 12688
8910750 12688
8910750 12688
8910750 26614
8910750 26614
9651250 5639
9651250 5639
9651250 1598
9651250 1598
9651250 1598
9651250 26754
9685000 3185
9685000 17032
9716500 13086
9716500 28065
9716500 6908
9842500 18805
9842500 18805
9842500 25086
9842500 25086
9842500 25086
9842500 19048
9842500 7380
9842500 7380
9842500 12576
9842500 10908
9842500 10908
10642000 10999
10642000 16754
10642000 11176
10642000 20536
10642000 20536
10642000 20536
10642000 20536
10642000 20536
10642000 20536
10642000 20536
10642000 20536
10642000 26728
10642000 251
10642000 9782
10642000 21334
10642000 7567
10642000 1966
10642000 3627
10642000 23831
10642000 27625
10642000 25427
10642000 7576
10642000 7576
10642000 5053
10642000 25570
11939000 23260
1194750 25169
1194750 20551
1194750 679
1194750 4059
1194750 4059
1194750 23103
1194750 7037
1194750 27052
1194750 83
1194750 83
1194750 83
1194750 83
1194750 83
1194750 83
1194750 83
1194750 83
1194750 83
1194750 83
1194750 12737
1194750 25366
1194750 7827
1194750 21092
1194750 8637
1194750 3627
1194750 24669
1194750 6543
1194750 7400
1194750 7400
1194750 7400
1194750 5306
1531250 22442
1531250 10247
1531250 7026
1782250 24460
1782250 5845
1782250 14415
1782250 2568
1782250 155
1782250 155
1782250 155
190500 20751
190500 4281
2704750 5764
2704750 5764
2704750 13592
2704750 3658
2704750 3658
2704750 3658
2704750 3658
2704750 3658
2704750 3658
2704750 3658
2704750 3658
2704750 3658
2704750 3658
2704750 3658
3304500 4931
3304500 4931
3304500 4931
3304500 10461
3304500 1197
3304500 3804
3304500 3804
3304500 3804
3304500 25169
3304500 25169
3304500 25169
3304500 25169
3304500 29099
3304500 29099
3304500 3592
3304500 3592
3304500 8219
3304500 15874
3304500 24461
3304500 24461
3304500 24461
3304500 24461
3304500 26634
3304500 11631
3304500 13554
3304500 13554
3304500 13554
3304500 13554
3304500 903
3304500 22269
3304500 22269
3304500 17228
3304500 17228
5256500 20679
5256500 20679
5256500 614
5256500 614
5256500 614
567250 27791
567250 6968
567250 9899
567250 24616
567250 7354
5751500 11679
5751500 19680
5751500 5336
5751500 1392
5751500 25488
5751500 24878
5751500 7004
5751500 21094
599750 10097
599750 12285
599750 9657
599750 9657
599750 18072
599750 20297
599750 20297
599750 20297
6571750 5661
6571750 16540
6571750 16540
6571750 9193
6571750 9193
6571750 9193
6571750 155
887750 15019
887750 15019
887750 15019
887750 15019
887750 15019
965500 26378
965500 18712
965500 9671
10533750 24601
10533750 24601
10533750 14261
10533750 17945
10533750 19974
10533750 13451
1165500 15423
1165500 15423
1165500 15423
1181250 29213
1181250 23284
1181250 23284
1181250 8339
1181250 8058
1181250 16169
12275500 21930
12275500 21930
12275500 21930
12275500 7572
12275500 23134
2480750 22946
3742000 23656
3742000 7297
3742000 21847
3742000 13020
8243500 4949
8243500 24869
8243500 24869
8243500 14048
8243500 18075
8243500 18075
8243500 4931
8243500 4931
8243500 4931
8243500 11196
8243500 11196
8243500 11196
8243500 11196
8243500 11196
8324500 9848
8324500 14020
9351750 28930
9351750 17921
9351750 14580
9592500 18271
11440500 4731
11440500 16540
1189000 28621
1189000 16361
1189000 16361
1189000 11328
1189000 23628
1189000 12175
11896000 16564
1806750 20701
1806750 26394
1806750 26394
19500 27927
19500 19421
19500 20551
19500 20551
19500 5086
19500 14048
19500 25933
19500 7096
2050000 10702
2050000 11022
2050000 26866
2050000 26866
2050000 18996
2050000 15231
2050000 17960
2050000 21659
2050000 5306
2050000 5620
232000 7868
232000 7868
232000 7868
232000 21865
232000 21865
2988000 12606
2988000 15828
2988000 15828
2988000 22482
2988000 22482
2988000 22482
2988000 22482
3216500 20548
3216500 18697
3216500 8028
3216500 28992
3216500 21146
3216500 2963
3216500 26121
3719250 17150
3719250 4960
3719250 4960
5139250 1731
6852750 4949
6852750 27906
6852750 7208
6852750 7822
764000 18990
764000 15081
764000 16300
8314250 11196
8314250 11196
8314250 11196
8314250 11196
8314250 11196
8314250 11196
8314250 4626
8314250 25933
8314250 4834
8314250 27618
8314250 27618
11949750 10353
11949750 6571
11949750 2198
11949750 2198
11949750 2198
11949750 25009
11949750 12063
11949750 13554
12234750 949
12234750 29465
12234750 29465
12234750 10176
12234750 21632
12234750 21632
12234750 21632
12234750 4510
12234750 26614
12234750 26736
12239250 12271
12239250 25618
3288250 6395
3288250 19394
3977750 21869
3977750 1461
3977750 13975
3977750 25596
3977750 17087
3977750 17060
5024500 17748
5024500 14265
5024500 528
5024500 29084
5024500 21110
5024500 13888
5024500 9802
5024500 15138
5024500 12977
5024500 12977
5812000 20506
5812000 2683
5812000 2683
5812000 2683
5812000 2683
5812000 2683
5812000 2683
5812000 2683
5812000 2683
5812000 2683
5812000 2683
5812000 2683
5812000 2683
5812000 2683
5812000 2683
5812000 2683
5812000 2683
5812000 2683
5812000 2683
5812000 2683
5812000 2683
5812000 2683
6172000 24704
6172000 24704
6713250 2367
6713250 2367
6713250 2367
6713250 16768
6713250 2945
6713250 17177
6713250 1758
6713250 1758
6713250 1758
6713250 24541
6713250 24344
6713250 24344
6713250 24344
7361250 24541
7921500 28087
9394250 17060
9394250 17087
9394250 14894
9394250 19014
9394250 29203
10592000 1335
10592000 1335
11307500 27711
11307500 20300
11307500 20300
11307500 22359
12384250 3658
12384250 5458
2253250 437
4189500 9165
5915250 15138
5915250 15138
5915250 2367
5915250 2367
5915250 2367
5915250 2367
6234000 17020
6234000 17020
6234000 21372
6234000 21372
6234000 16463
6234000 12438
6683750 2826
6683750 10169
6683750 29551
6683750 17945
6683750 29203
6683750 5267
8096750 28641
8096750 21672
8096750 22077
10000250 6171
10000250 17153
10000250 17153
10000250 28256
10598500 24385
10598500 155
10598500 7105
10598500 14165
10598500 11776
10598500 9563
10773000 2999
10773000 2257
10773000 2257
10773000 2257
10773000 11889
10773000 28124
11711250 1392
11711250 1392
11711250 21338
11711250 6175
11711250 6175
11711250 24942
11711250 24942
11711250 24942
11711250 24942
11711250 24942
11711250 24942
11711250 20617
12229000 17389
12229000 17389
12229000 17389
12229000 17389
12229000 17389
12229000 17389
12229000 17389
12229000 17389
12229000 17389
12229000 17389
12229000 17389
12229000 17389
1617250 12283
1617250 5077
1617250 23284
1617250 21919
1617250 18002
1617250 18002
1617250 19405
1617250 21533
1617250 11329
1617250 2217
1617250 27791
4257000 11196
4257000 27625
4257000 27625
4304250 679
4304250 10999
4304250 7868
4304250 7868
4304250 24929
4304250 16846
4658500 18075
4658500 25960
4658500 21838
4658500 17453
4658500 17453
6334000 10627
6497000 7927
6497000 20747
6497000 20747
6497000 20747
6780500 25676
6780500 10893
6780500 10893
6780500 4571
8111500 23878
8111500 454
8111500 527
8111500 12790
8111500 11018
10297000 25058
10297000 25058
10297000 25058
10297000 25058
10297000 25058
10297000 25058
10713250 11220
11313000 7456
11313000 7456
11313000 11196
11313000 11196
11313000 11196
11313000 11196
11313000 11018
11313000 27406
11313000 27406
11313000 27406
12004000 18683
12004000 15307
12004000 15307
12004000 15307
12004000 10452
12377250 2729
12377250 22556
12377250 3151
12377250 3151
12377250 3151
12377250 3151
12377250 3151
12377250 14020
12377250 24447
12377250 27946
12377250 24427
12377250 18075
12377250 18075
12377250 18075
12377250 5799
12377250 5799
12377250 19023
12377250 5492
12377250 19405
4035250 9340
4035250 27539
4035250 3423
4035250 3185
4035250 8630
4193750 21657
4852000 7038
5539250 155
5539250 7868
5539250 7868
5539250 7868
5539250 8689
5539250 11983
5539250 18075
5539250 24258
5697750 23273
5697750 476
5697750 27791
6272000 2803
6272000 2803
6272000 2803
6272000 2803
6272000 2803
6272000 2803
6272000 17400
6272000 17400
6272000 17400
6272000 17400
6272000 12055
6272000 12055
6272000 12055
6998500 201
7116750 9912
7116750 14930
7116750 14930
7116750 27637
7323750 27019
8617500 28270
8617500 28270
8617500 28270
8617500 28270
8617500 28270
8617500 27625
8617500 27625
8617500 27625
8617500 4571
8617500 11280
8617500 11280
8617500 26619
8617500 26619
10234000 25570
10234000 10970
10234000 10970
10234000 10970
10234000 10970
10234000 14261
10234000 25086
10234000 19402
10234000 9111
10234000 9111
10234000 9111
10234000 9111
10234000 9111
10234000 9111
10234000 9111
10234000 28975
10234000 15019
10234000 28653
10234000 28653
10234000 28653
10234000 28653
10234000 28653
10234000 28653
10234000 14020
10234000 11524
1074750 21865
1074750 12220
1074750 22556
1074750 14580
1074750 10171
1074750 12747
1074750 12747
1074750 12747
10976250 1533
10976250 12285
11283500 12220
11283500 10680
1319000 10449
1319000 599
1319000 5797
1727500 3228
1727500 4452
1727500 4452
1727500 4452
1727500 4452
1727500 7812
1727500 7812
1727500 7812
1727500 28669
1727500 9563
3282250 11857
3282250 11857
528250 8693
528250 8693
528250 8693
528250 155
528250 155
528250 7096
528250 2963
69500 2929
69500 18730
69500 17470
69500 10646
69500 15315
69500 6352
7218000 2421
7218000 18630
7218000 24669
7218000 10702
7218000 22317
7218000 22317
7218000 22317
7218000 22317
7218000 7096
7588000 28975
7588000 17470
7588000 28975
7588000 7105
7588000 10329
7588000 28653
7588000 28653
7588000 28653
7588000 28653
7588000 28653
7588000 28653
8555500 29078
8555500 29078
8555500 19379
8555500 10741
8555500 1282
8555500 27615
8555500 7762
8555500 4738
8555500 18180
8555500 25372
10578000 26523
10578000 18227
10578000 14073
10578000 13778
10578000 29213
10578000 20896
11220500 11431
11220500 12285
11590500 14821
11590500 17512
11590500 17512
1629250 21392
1629250 19891
1629250 19891
1629250 24601
1629250 9120
1629250 18024
1629250 18024
1629250 18024
1629250 29099
1629250 24196
2187500 27394
2187500 27394
2187500 23628
3625250 21372
3625250 16085
3625250 5625
3625250 5625
3625250 20549
3861500 20470
3861500 20470
3861500 7868
3861500 7868
3913250 13240
3913250 8409
3913250 8409
3913250 8409
3913250 8409
3913250 8409
3913250 8409
3913250 8409
3913250 8409
3913250 8409
3913250 8409
3913250 8409
3913250 8409
3913250 5845
3913250 3626
3913250 9948
3913250 9948
3913250 9948
3913250 8689
3913250 8689
3913250 8689
3913250 9230
3913250 9230
3913250 9230
3913250 9230
3913250 9242
3913250 9242
3913250 9242
4073250 12271
4073250 22836
4073250 27415
4073250 27415
4073250 27415
4073250 17153
6099250 13244
6099250 13244
6099250 13244
6099250 13244
6099250 13244
6099250 11823
6099250 11823
620500 10646
620500 26114
620500 934
620500 21840
620500 7975
620500 18572
8123500 1591
10628500 25386
10628500 18075
10628500 2945
10628500 14233
10628500 6868
10628500 12013
10628500 27035
10628500 7037
10628500 27791
10628500 27791
10628500 8483
10628500 28641
10628500 12159
10628500 28945
10628500 20297
10628500 24869
10628500 3324
10628500 13784
10628500 13784
11535250 22989
11535250 16463
11535250 16463
12061000 8628
12417500 28411
12417500 5478
12417500 16406
12417500 15138
12417500 1731
12417500 8689
12417500 24819
12417500 10570
12417500 7963
12417500 16846
12417500 3983
12417500 24601
309750 15365
309750 15365
309750 15365
309750 4545
3644250 14661
3644250 16406
3644250 16406
3644250 17781
3644250 7230
3644250 18843
3644250 4381
3644250 4381
3644250 4381
5011500 20180
5011500 11196
5011500 11196
5011500 22280
5011500 22280
5011500 13749
5011500 6219
5011500 27092
5011500 23779
5011500 23779
5226250 15907
5226250 15907
5226250 24669
5226250 8689
5226250 8689
5226250 26416
5999000 26523
5999000 26523
5999000 14666
5999000 5081
5999000 14265
5999000 10908
6412250 13354
6412250 7260
6412250 7260
6412250 15159
6700250 18575
6700250 7957
6897000 18544
6897000 23223
6897000 7626
6897000 24177
725000 20902
725000 17835
1086750 1084
1086750 1084
1086750 18977
1086750 18977
1086750 18977
1086750 7868
1086750 7868
1086750 7868
1086750 7868
1086750 7868
1086750 7868
1086750 7868
1086750 7868
1086750 7868
1086750 7868
1086750 7868
11169500 19277
11169500 4220
11169500 10014
11957000 17242
11957000 21078
11957000 21995
11957000 16818
11957000 16818
11957000 23907
11957000 23907
11957000 12977
3249250 26394
4063000 19974
4967250 7868
4967250 7868
4967250 7868
4967250 7868
4967250 28391
5693000 21899
5693000 2655
7322250 23861
7322250 23861
9512750 11080
9512750 21593
9512750 4239
9512750 4239
9512750 19903
9512750 27205
9512750 20800
9512750 13285
9512750 23779
9512750 28135
9802000 5883
9802000 5883
9802000 5883
9802000 5883
9802000 5883
9802000 5883
9802000 5883
9802000 5883
9802000 5883
9802000 5883
9802000 21501
9802000 24601
9802000 12888
11601500 6299
11601500 12220
11601500 6190
11601500 11080
3344750 17748
3344750 17748
3344750 17748
3344750 17748
3344750 28177
3344750 11022
3344750 20579
3344750 12078
3344750 27427
3344750 8805
3344750 2421
3344750 28463
3344750 28463
3344750 1771
3344750 28524
3344750 2771
3344750 3313
3344750 3313
3344750 2042
3344750 26614
3344750 24196
4195500 9802
4195500 12285
4195500 15315
4195500 18097
425500 8313
4852500 911
4852500 911
4852500 911
4852500 24541
5261000 11410
5261000 24788
5261000 11000
6150750 15831
6150750 15831
6150750 18185
6150750 18185
6150750 26523
6150750 17429
6150750 4835
6155250 5015
6155250 4220
6155250 4220
6155250 27653
6155250 14020
7375000 11201
7375000 11201
7375000 11201
7375000 11857
8216500 25329
8216500 22552
8216500 22552
8216500 22552
8216500 22552
8216500 22552
8216500 22552
8216500 22552
8216500 22552
8216500 22552
8216500 22552
8216500 22552
8216500 22552
8216500 22552
8216500 22552
8216500 22552
8216500 22552
8216500 22552
8216500 3746
8216500 18712
8216500 25308
8216500 22916
8216500 14159
8216500 14159
8845250 17214
8845250 22484
8845250 22484
8845250 22484
8845250 22484
8845250 22484
8845250 22484
8845250 22484
8845250 22484
8845250 22484
8845250 22484
8845250 22484
8845250 22484
8845250 22484
8845250 22484
8845250 22484
8845250 22484
8845250 22484
8845250 22484
8845250 23928
8845250 554
8845250 24565
8845250 25596
8845250 13070
8845250 16722
8845250 14020
8845250 14020
11300000 8375
11300000 12063
11300000 2963
11300000 2963
11579750 15217
11579750 8410
11579750 12688
11579750 12688
11579750 12688
11701500 4281
11701500 16481
11701500 17760
11701500 24737
11701500 4366
1579250 4078
1579250 24194
1579250 9906
1579250 25424
1793250 21067
1793250 2033
2797750 3658
282500 12055
282500 12055
282500 3850
282500 1962
3895750 12475
3895750 12933
3895750 5469
4907500 11196
4907500 24196
4907500 23622
4907500 6374
4907500 8775
4907500 8965
4907500 11060
4907500 5712
4907500 5086
5440750 25029
5440750 970
5440750 14853
5440750 20045
5440750 20045
5440750 20045
5440750 20045
5440750 19862
5440750 19862
5440750 19862
5440750 19862
5440750 19862
5440750 19862
5440750 19862
5440750 19862
5440750 19862
5440750 19862
5440750 19862
5440750 23206
6458000 1681
7810250 8637
7810250 8637
8280500 17972
8280500 17972
8280500 16674
8280500 16674
8280500 19
8573000 28049
8573000 28049
8573000 28049
861750 23284
8701250 1884
1063000 28481
1063000 28481
1063000 24929
1063000 20551
1063000 530
1063000 22280
1063000 22280
1063000 24196
1063000 14165
1063000 15019
1063000 22749
1561250 14261
1561250 21511
1561250 24307
1561250 22973
1561250 12352
1561250 17706
1561250 8495
2975500 12352
2975500 19745
2975500 19745
2975500 19745
2975500 5086
2975500 5086
2975500 5086
2975500 5086
2975500 14902
2975500 14902
2975500 16406
2975500 16406
2975500 16406
2975500 16406
3350250 18736
3350250 18736
3350250 18736
3350250 18736
3350250 18736
3350250 3409
3350250 1672
3350250 1672
3350250 3384
3350250 3384
3350250 25420
3350250 25420
3350250 25420
418500 15138
5865750 3228
5865750 3228
5865750 3228
5865750 3228
5865750 3228
5865750 3228
5865750 11652
5865750 10268
5865750 10268
5865750 10268
5865750 10268
5865750 10268
5865750 28177
5865750 18296
5865750 4238
5865750 29331
6634500 6571
7785250 11790
7898750 26894
7898750 26894
7898750 21838
8060000 18024
8060000 19882
8385000 7680
8385000 7680
8385000 7680
8385000 7680
8385000 9111
8385000 9111
8385000 1548
8385000 8528
8385000 3458
8385000 23284
11503250 504
11747250 17959
3031750 7323
3031750 7323
3031750 7323
3031750 27198
3031750 18131
3031750 18131
3031750 16110
3031750 16110
3031750 16110
3031750 16406
3031750 18388
3031750 26288
3031750 27501
3031750 12977
3031750 14020
3114000 21092
3114000 23928
3114000 23928
3114000 20536
3114000 20536
4256000 27791
4256000 3324
4256000 17771
4880250 27096
5354000 10014
563500 10778
563500 23928
563500 16939
5642000 10726
5642000 7812
5642000 10840
6412750 14580
6412750 7208
6412750 3719
6412750 12666
6572500 29099
10052000 7680
10052000 7680
10052000 11696
10052000 22280
10052000 22126
10052000 22126
10052000 22126
10052000 143
10052000 3093
11761750 3913
3903500 1392
3903500 1392
3903500 15514
5292000 21345
5292000 25669
5292000 19974
5407750 16373
5407750 3850
5407750 6352
5407750 6352
5742000 20668
5742000 29465
5742000 25248
5742000 19523
5742000 19523
5742000 19523
5742000 22307
5952250 5067
5952250 5067
5952250 5067
5952250 5067
5952250 5094
6258500 12068
6258500 12068
7149500 2306
7450000 14261
7450000 14261
8051750 29389
9069000 11456
9069000 24534
9069000 22393
9069000 22393
9069000 22393
9069000 28017
9069000 28017
9069000 28017
9069000 28017
9069000 28017
9069000 15302
9069000 3677
9069000 9620
9069000 19217
9069000 19937
9069000 19937
10312750 24503
10312750 6154
10312750 3627
10312750 3627
10312750 23783
10312750 20164
10312750 12352
10312750 12352
10312750 12352
10312750 12352
10312750 12352
10521000 9472
10521000 17920
10521000 18612
10521000 7868
10521000 21315
10521000 10225
1525000 11196
1525000 11196
1525000 2257
1525000 2257
236000 27028
236000 8637
236000 18275
236000 17690
239250 12647
239250 7616
239250 28481
239250 28481
239250 9842
4037500 14523
5059000 19102
5059000 16668
5059000 9195
5059000 9195
5059000 9195
5059000 9195
6694750 20253
6694750 24196
6694750 24196
6694750 24196
6694750 24196
6694750 24196
6694750 3151
6694750 18730
6694750 23007
6694750 26298
6694750 14020
6694750 14020
6694750 12352