12154500 7868
12154500 7868
12154500 7868
12154500 7868
12154500 7868
12154500 7868
12154500 7868
12154500 7868
12154500 7868
4844000 7868
10229250 8689
10229250 8689
12388250 1539
12388250 1539
12388250 1539
3963750 4949
3963750 4949
3963750 4949
3963750 4949
3963750 4949
5254500 7868
5254500 7868
10696000 1995
11391250 28924
11391250 28924
11391250 28924
11391250 28924
11391250 28924
11391250 28924
11391250 28924
11391250 28924
11391250 28924
11391250 28924
3001000 21995
3001000 11080
6257000 12285
799000 29099
8102000 21110
9035750 18697
9035750 18544
9035750 17732
9035750 25618
9035750 18024
9244000 7868
9244000 7868
12027000 21865
12027000 2322
1906000 21110
2874500 7868
2874500 7868
4184250 8689
4184250 11196
4184250 11196
5898500 7105
7687500 7868
371250 21110
9628250 18024
4963500 21110
11493000 1533
3520000 7105
83250 7989
1381000 14261
8129250 7868
8129250 7868
10063000 21110
10257500 4281
10069500 7868
11874000 12220
11874000 12220
6003750 7868
10261750 14261
10261750 14261
10261750 14261
10261750 14261
10261750 14261
10261750 14261
10261750 14261
10261750 14261
10261750 14261
10261750 14261
10790500 7105
2168250 7868
2168250 7868
2920750 12285
9906500 8689
1140750 14261
1140750 7868
6957500 22029
6957500 22029
6957500 22029
6957500 22029
6957500 22029
6957500 22029
6957500 22029
6957500 22029
6957500 22029
6957500 22029
8145500 18124
3168000 3082
3573750 25260
5155750 18024
5655250 11196
5655250 11196
2331750 29099
3751500 10193
8435250 14261
8435250 14261
10212500 15959
2033500 8689
2033500 8689
2033500 8689
7854500 4949
7854500 11080
892500 10306
892500 10306
892500 10306
1118250 19096
1118250 19096
9079500 24447
4259500 29099
4259500 29099
5037000 7868
9807250 7868
9807250 7868
9807250 7868
9807250 7868
9807250 7868
9807250 7868
11158000 7868
11158000 7868
11158000 7868
3846250 15584
3846250 11679
1792000 16540
1792000 16540
3317500 7105
7184500 7868
7184500 7868
7184500 7868
7184500 7868
7184500 7868
8156500 4078
140500 3627
140500 10480
6233750 10948
6233750 3051
6233750 3776
8353250 12285
8353250 12285
4625750 3151
4625750 3151
6301250 8689
267250 11679
299750 11080
7568750 1831
2103250 22280
4475750 8689
4475750 4949
6266000 4939
6266000 23774
7445000 16463
10642000 10999
10642000 10999
2704750 13592
3304500 29099
3304500 29099
10533750 14261
6852750 4949
5024500 21110
5024500 15138
10598500 7105
1617250 27791
4304250 10999
4304250 7868
4304250 7868
11313000 11196
11313000 11196
11313000 11196
11313000 11196
10976250 12285
11283500 12220
7588000 7105
1629250 18024
1629250 18024
1629250 18024
10628500 27791
10628500 27791
10628500 24869
12061000 8628
12417500 28411
12417500 5478
12417500 16406
12417500 15138
12417500 8689
5011500 11196
5011500 11196
5999000 14666
5999000 5081
5999000 14265
5999000 10908
1086750 7868
1086750 7868
1086750 7868
1086750 7868
1086750 7868
1086750 7868
1086750 7868
1086750 7868
1086750 7868
1086750 7868
1086750 7868
4967250 7868
4967250 7868
4967250 7868
4967250 7868
11601500 12220
11601500 11080
8845250 554
282500 1962
4907500 11196
8060000 18024
6572500 29099
10521000 7868