10944750 155
10944750 8689
10944750 13451
10944750 25372
10944750 25687
10944750 28752
12028500 11196
12028500 13390
12028500 16540
12028500 21392
12028500 21975
12028500 27618
12154500 2568
12154500 4694
12154500 7868
12154500 8689
12154500 9471
12154500 9549
12154500 17214
12154500 17640
12154500 27791
1620500 5833
1620500 23735
4716750 2683
4716750 2963
4716750 13784
4716750 29202
4844000 5598
4844000 7868
4844000 12899
4844000 15934
4844000 24196
5654000 4571
5654000 4775
5654000 5896
5654000 16939
5654000 23861
5654000 29231
5780000 155
5780000 1461
5780000 2128
5780000 4807
5780000 5814
5780000 7061
5780000 7071
5780000 8842
5780000 9111
5780000 10014
5780000 10702
5780000 11022
5780000 11328
5780000 14065
5780000 14261
5780000 15315
5780000 15534
5780000 15584
5780000 15811
5780000 17061
5780000 17214
5780000 17959
5780000 18736
5780000 19421
5780000 20979
5780000 21092
5780000 21336
5780000 22313
5780000 22529
5780000 22556
5780000 23928
5780000 26523
6061250 10893
6061250 11176
6061250 16463
6061250 19632
6061250 22359
6061250 28985
6061250 29203
6458500 8637
10224750 1481
10224750 11679
10229250 8689
10229250 22179
10229250 23628
10229250 23774
10229250 24541
10229250 24869
10302500 679
10302500 2626
10302500 6630
10302500 7409
10302500 8689
10302500 12162
10302500 14065
10302500 18167
10302500 26087
10302500 28164
1110750 3458
1110750 12426
1110750 20578
12015000 7552
12015000 15138
12173500 554
12173500 1325
12173500 3627
12173500 9817
12173500 15405
12173500 15534
12173500 28184
12173500 28370
1971500 3151
1971500 7096
1971500 7692
1971500 13701
1971500 14065
1971500 14415
1971500 25329
1971500 26288
1971500 27791
2626250 11176
2626250 25193
3963750 251
3963750 3809
3963750 4949
3963750 7096
3963750 11176
3963750 11196
3963750 11330
3963750 12977
3963750 13020
3963750 13737
3963750 19421
3963750 21067
3963750 26614
434750 3228
434750 4571
434750 6104
434750 16972
434750 19394
434750 19973
434750 21911
434750 27511
5220750 8689
5220750 28164
5220750 28438
5254500 3313
5254500 7868
5254500 21672
5254500 22359
5254500 24601
6571000 4254
6571000 5429
6571000 5470
6571000 12162
6849750 2199
6849750 6246
6849750 6757
6849750 8049
6849750 11679
6849750 15584
6849750 19394
6849750 24886
6849750 25733
6849750 29099
7703750 527
7703750 7542
7703750 8278
7703750 8719
7703750 12394
7703750 18075
7703750 18730
7703750 18868
7703750 27625
8149250 2367
8149250 11196
8149250 11679
8149250 12162
8757750 18024
8757750 24601
8757750 26288
9288000 19394
10696000 1666
10696000 3740
10696000 11022
10696000 14153
10696000 14887
10696000 19615
10696000 20979
10696000 25420
11391250 28924
1661750 679
1661750 2729
1661750 3151
1661750 9802
1661750 10840
1661750 14020
1661750 15315
1661750 28221
1832000 25687
2771250 476
2771250 2513
2771250 2963
2771250 12606
2771250 14694
2852250 11682
2852250 14360
2852250 27415
3001000 679
3001000 4571
3001000 11080
3001000 14902
3001000 21995
3001000 24780
3211250 239
3211250 3228
3211250 3390
3211250 6148
3211250 11076
3211250 12431
3211250 15584
3211250 16110
3211250 17706
3211250 27155
3581250 5086
3581250 5848
3581250 9458
3581250 22126
3581250 23482
4256500 2410
5034000 7465
5034000 10584
5034000 29446
5901250 12606
5901250 14575
6257000 530
6257000 3740
6257000 12285
6257000 16540
6257000 16986
6257000 22749
6257000 23563
6257000 23628
6996000 6305
6996000 12165
9720000 1392
10057000 8193
11362000 8693
11362000 10240
11687000 8689
12008000 4960
12008000 14261
12008000 16331
12008000 20979
12215000 6672
12215000 8637
12215000 28463
1969000 12220
1969000 18002
2132250 14159
3089500 1917
4770500 2610
4770500 6988
4770500 9165
4770500 10404
4770500 15315
4770500 18075
4770500 20297
4770500 24196
4770500 24869
4770500 28975
4809750 679
7002750 1481
7002750 5081
799000 8278
799000 16331
799000 27791
799000 29099
8102000 768
9035750 4479
9035750 7850
9035750 9881
9035750 17977
9035750 18024
9035750 19973
9035750 20661
9035750 29099
9163000 6096
9163000 11080
9163000 26576
9244000 4694
9244000 7868
1046250 11396
1046250 27791
10768750 6672
10768750 17592
10768750 19993
12027000 21865
1904750 23928
1906000 1831
1906000 2438
1906000 2683
1906000 9532
1906000 9567
1906000 12220
1906000 12285
1906000 16540
1909250 504
1909250 6326
1909250 10014
1909250 14209
1909250 18180
1909250 20516
1909250 23470
1909250 24645
1909250 26523
2874500 7868
2874500 10840
2874500 22094
2874500 28370
2921750 143
2921750 5324
2921750 7105
2921750 11201
2921750 15584
2921750 15934
2921750 27791
2921750 29547
3524750 26871
3849750 9549
4184250 241
4184250 398
4184250 4949
4184250 8689
4184250 10788
4184250 11196
4184250 14020
4184250 23928
4215750 1037
4215750 2513
4215750 4571
4215750 12674
4215750 14415
4215750 23656
4215750 23928
4956000 15315
5108000 155
5108000 3627
5108000 4254
5108000 4571
5108000 10193
5108000 14020
5108000 15094
5108000 22359
5108000 22556
5108000 23628
5108000 29203
5108000 29547
6874250 647
6874250 2683
6874250 8637
6874250 11080
6874250 12168
6874250 12747
6874250 14265
6874250 15584
6874250 17214
6874250 18805
6874250 28410
8040000 239
8040000 1335
8040000 2655
8040000 5429
8040000 8257
8040000 10151
8040000 12541
8040000 15138
8040000 17084
8040000 17400
8040000 20300
8040000 22547
8040000 24541
8040000 25372
8040000 27205
9344000 17024
10095000 8278
10095000 13494
10095000 14261
10095000 19973
10095000 26699
10831750 5640
11434750 7071
11434750 9985
11434750 10840
11434750 18758
11434750 20083
2078000 14902
2078000 17449
2078000 24669
2078000 27791
3590000 7567
3590000 28924
3787750 2610
3787750 7096
3787750 26969
5898500 7105
5898500 26722
7367000 143
7367000 155
7367000 7061
7367000 15686
7367000 18730
7367000 20297
7367000 21336
7367000 21975
7687500 5267
7687500 7868
7687500 12285
7687500 14498
7687500 18730
10064500 5799
10064500 12220
10064500 22583
10064500 29099
11340250 14294
11340250 25329
11612500 5848
11612500 18075
11612500 18741
12065000 12453
3035250 11080
3226500 27791
42000 13390
5754500 143
5754500 3954
5754500 8307
5754500 10282
5754500 11790
5754500 14020
5754500 28752
8649250 16939
8649250 18024
887500 11080
9173750 11679
9173750 12541
9173750 13784
9173750 14020
9173750 15315
9173750 16110
9173750 16540
9628250 18024
9628250 23779
9706000 3809
9706000 5067
9706000 6364
9706000 11487
9706000 12168
9706000 20297
9706000 22094
9706000 23340
9706000 28653
9706000 29099
981000 8689
981000 11176
981000 12394
981000 14020
981000 14153
981000 27160
981000 28270
10054250 1079
10054250 4667
10054250 10970
10054250 11159
10054250 19660
10054250 20297
1459750 16550
1459750 28059
1966250 155
1966250 2257
1966250 3228
1966250 3678
1966250 6672
1966250 11052
1966250 16110
1966250 23482
1966250 25260
1966250 26722
3054250 3151
3054250 7248
3054250 9563
3054250 12285
3054250 14020
3054250 29203
3293750 18075
3293750 25193
3293750 26523
3952000 2128
3952000 4479
3952000 9111
3952000 12220
3952000 13349
3952000 19379
3952000 25917
3952000 26699
3952000 28631
3952000 29099
4850000 614
4850000 24601
4963500 15534
4963500 18002
4963500 21092
5082750 17214
5906250 143
5906250 13784
5906250 27791
10393750 2437
10393750 3438
10393750 29265
11493000 4694
11493000 7868
11493000 9072
11493000 12453
11493000 22727
11894500 26619
12231250 6246
12231250 27155
1446250 7105
1446250 19751
1446250 20297
1446250 23482
3188000 9567
3188000 16463
3520000 1700
3520000 2999
3520000 7105
3520000 9563
3520000 10702
3520000 12795
3520000 14415
3520000 16846
3520000 21336
3520000 22126
3520000 23409
3520000 23928
3520000 24669
3520000 24984
3520000 27927
3520000 28065
3520000 29099
364250 11679
38250 10051
38250 11176
38250 14265
38250 15138
38250 18730
5959000 4078
5959000 14153
5959000 14242
5959000 18805
5959000 27791
6247250 679
6247250 10840
6247250 15814
6247250 16918
6247250 21975
6247250 22736
6247250 28626
6247250 28631
6564500 646
6564500 4949
6564500 11176
6564500 11612
6564500 11790
6564500 12977
6564500 14902
6564500 16406
6564500 18730
6564500 26576
6564500 29095
7345250 2750
7345250 15138
7699500 1031
7699500 1222
7699500 5848
7699500 8719
7699500 9802
7699500 11679
7699500 11793
7699500 13592
7699500 14182
7699500 18730
7699500 23928
83250 4220
83250 7409
83250 25329
10047250 12132
11142000 17407
11142000 18180
1381000 8724
1381000 14261
1381000 17958
1381000 25329
1381000 27637
1381000 29099
2428500 17153
380000 554
380000 14174
380000 22094
4102750 10026
4102750 20585
4922750 2669
4922750 18024
5027500 11201
5769750 143
5769750 16116
5769750 16818
5769750 24503
5769750 26614
5847500 21865
6619500 1917
6619500 3627
6619500 15934
6619500 21067
7927750 3032
7927750 12674
7927750 26288
8129250 7045
8129250 7868
8129250 8637
8129250 18097
8129250 25733
10018000 642
10018000 5429
10018000 27791
10063000 10893
10063000 14930
10063000 22393
10257500 10893
10309250 9472
10309250 11734
11111500 27791
11321750 949
11321750 2750
11321750 3228
11321750 3775
11321750 6284
11321750 7997
11321750 11730
11321750 11793
11321750 15645
11321750 16110
11321750 17013
11321750 17060
11321750 19891
11321750 21672
11321750 23338
11321750 24486
11321750 24869
11321750 24907
11321750 27205
11321750 28481
11321750 29547
11936000 13020
12337750 21092
1240250 2160
1240250 20297
145750 3847
145750 7409
145750 11196
145750 24242
1517000 27205
1812000 7868
1812000 11196
1812000 19814
1812000 21628
1812000 28410
2251750 21336
2251750 23549
2492500 16939
2492500 19005
2492500 20979
5012750 1335
5012750 2208
5012750 5053
5012750 7963
5012750 10893
5012750 11196
5012750 13020
5143250 5429
5143250 6287
5143250 9563
5143250 10949
5143250 14482
5143250 23549
5143250 26394
5143250 26614
5143250 29547
6848750 4307
6848750 8689
6848750 11328
6848750 21336
6848750 28164
7545250 3228
7545250 11679
7545250 13891
8271000 11280
9782000 3151
9782000 5086
9782000 7248
9782000 14902
9782000 18758
9782000 29364
10069500 2257
10069500 4571
10069500 7868
10069500 8637
10069500 10740
10069500 15322
10069500 18519
10069500 19973
10401500 1222
10401500 1583
10401500 7868
10401500 8446
10401500 11080
10401500 12189
10401500 13258
10401500 13394
10401500 14048
10401500 17242
10401500 17959
10401500 18465
10401500 20979
10401500 21672
10401500 22950
10401500 24541
10401500 24929
10401500 27791
10774750 1577
10774750 2899
10774750 27791
11874000 1282
11874000 4220
11874000 5086
11874000 10014
11874000 11679
11874000 12220
11874000 13844
11874000 16550
11874000 18167
11874000 18180
11874000 29203
1324500 2198
1324500 4694
1324500 5336
1324500 6305
1324500 7868
1324500 10404
1324500 14482
1324500 27927
3981750 3228
3981750 5053
3981750 5185
3981750 6520
3981750 21565
3981750 22280
3981750 23143
3981750 27791
452750 251
452750 6672
452750 14020
452750 14796
452750 19973
452750 21865
452750 22547
47000 2999
47000 21336
47000 23549
6003750 530
6003750 647
6003750 2033
6003750 2251
6003750 2257
6003750 3390
6003750 4750
6003750 4949
6003750 5053
6003750 6680
6003750 7737
6003750 7868
6003750 8792
6003750 10726
6003750 11080
6003750 11679
6003750 12285
6003750 15414
6003750 15584
6003750 18843
6003750 19814
6003750 22749
6003750 23013
6003750 23480
6003750 23628
7016500 24193
7190750 27791
7320250 26728
7886000 9472
7886000 15799
7886000 15934
8033500 2471
8033500 6113
8033500 16939
8033500 28653
10261750 1222
10261750 3438
10261750 8278
10261750 9111
10261750 14261
10261750 14533
10261750 15645
10261750 16331
10261750 17060
10261750 17061
10261750 18024
10261750 18805
10261750 19394
10261750 21657
10261750 23628
10261750 28270
10588000 14020
10588000 15138
10790500 7105
10790500 22126
11730000 5443
11730000 13390
11730000 21565
11972750 647
11972750 4846
11972750 7260
11972750 7936
11972750 15631
11972750 17972
11972750 21225
11972750 21693
1724000 29099
2168250 7868
2168250 13494
2168250 22749
2870250 4003
2870250 7096
2870250 14020
2870250 15096
2870250 17606
3795000 12352
3795000 29099
4902250 4709
4902250 14360
4902250 23628
5052000 7868
5052000 16420
6400000 2452
6400000 3313
6400000 9567
6400000 15258
6400000 20551
6400000 28270
711500 4709
711500 11052
711500 14360
711500 17118
711500 26722
9437500 489
9437500 15584
9437500 22280
10492250 3228
10492250 4949
10492250 11061
10492250 12606
10492250 20045
10492250 24984
10492250 26464
10492250 28752
10609250 5598
10609250 7409
10609250 8693
10609250 20979
1074500 9567
1074500 12606
1074500 16602
11496750 28898
154500 2198
154500 5863
154500 8689
154500 10353
154500 18805
154500 28164
1953250 2610
1953250 3658
1953250 12394
1953250 14020
1953250 14294
1953250 25289
2182750 19643
2182750 28184
2378500 2669
2378500 3228
2378500 10014
2378500 14153
2378500 16722
2378500 18937
2378500 19974
2378500 23774
2378500 26619
2920750 7071
2920750 12285
2920750 22359
2920750 23407
2920750 26699
2920750 27155
3363000 15315
3363000 18868
4004500 15315
4004500 19686
4054000 9090
4054000 11304
4054000 24088
4133750 14451
4133750 25372
4133750 27638
5187750 1481
573000 11080
573000 16653
573000 18868
573000 19615
7103000 5574
7103000 11080
7103000 12586
7103000 15019
7103000 15423
7269250 2729
7269250 8637
7269250 10895
7269250 20578
7269250 23295
7269250 24571
7269250 27791
7476250 1037
7476250 4571
7476250 23284
7476250 24907
7476250 29099
848500 7286
848500 19891
848500 23628
9794000 642
9906500 155
9906500 5185
9906500 8689
9906500 12394
9906500 23656
1140750 2251
1140750 6741
1140750 7868
1140750 12541
1140750 14261
1140750 17823
1140750 19421
1140750 22313
11564250 1831
11564250 6104
11564250 9140
11564250 14969
11564250 25483
2200750 2610
2200750 2655
2200750 12285
2200750 12674
2200750 14020
2200750 18741
2200750 24506
2688750 155
2688750 19814
2688750 22749
5239500 14153
5239500 14360
5239500 16939
5491500 9472
5491500 14265
5491500 18024
5491500 21092
5491500 25212
5491500 26288
6766250 4307
6766250 6988
6766250 18805
6766250 27791
6766250 29547
6957500 5074
6957500 9111
6957500 13793
6957500 14153
6957500 15534
6957500 16722
6957500 22029
6957500 23861
6957500 29547
7657250 3228
7657250 7997
7657250 29445
835000 1752
835000 5848
835000 7071
835000 8637
835000 11734
835000 14020
835000 14048
835000 16722
835000 19632
8702500 3390
8702500 7105
8702500 8257
8702500 11196
8702500 15138
8702500 16540
8702500 23779
8702500 24780
8702500 27618
8702500 29547
8949750 16818
8949750 17438
9394500 14533
9394500 15018
9394500 16540
9394500 20661
9394500 29099
10112000 2471
10322250 5185
10322250 10702
10322250 28967
11984750 251
11984750 3627
1815750 5067
2788750 3804
2788750 7096
2788750 8842
2788750 10702
2788750 11176
2788750 23628
2788750 24907
3149000 9486
3149000 9804
3149000 29008
3723750 1831
3723750 4078
3723750 5598
3723750 12271
3723750 14020
3723750 25372
4047000 29446
5968250 16406
5968250 29099
6654750 1415
6654750 14261
6654750 16110
6654750 20180
7306250 22359
8145500 21883
8195000 4078
8195000 5185
8195000 11080
8195000 18024
8195000 21672
8195000 28410
9782500 6352
11552750 27791
11683250 12541
11683250 24196
11683250 24704
12371000 9111
12371000 11543
12371000 11776
12371000 12394
12371000 14294
12371000 21372
12371000 24541
12371000 25086
1699500 16716
1699500 24715
1758250 27791
1758250 28463
1758250 28481
341000 15584
5199750 679
5293250 679
5293250 4571
5293250 20506
7034000 1392
7163250 8689
7163250 9567
7163250 17748
7435500 18024
7435500 24886
7435500 27950
745750 3228
745750 24869
9436000 504
9436000 29203
1104500 2683
1104500 14294
1104500 18678
200250 1831
200250 5086
200250 9620
200250 12352
266500 255
266500 9486
266500 9657
266500 10282
3266750 3228
3310750 3458
3310750 11176
3310750 15432
3310750 23774
3310750 25086
3588500 530
3588500 8637
3588500 16217
3588500 21336
3588500 23779
4376250 8689
4376250 15631
4376250 19993
4376250 21225
4376250 27407
4376250 28164
4533750 4324
4533750 10908
4533750 10970
7003500 11196
764750 14153
8230750 4949
8230750 24841
8523250 15934
8633500 5833
8633500 8148
8730250 530
8730250 647
8730250 911
8730250 3228
8730250 4571
8730250 8257
8730250 8278
8730250 11679
8730250 12068
8730250 16110
8730250 18024
8730250 18868
8730250 23662
8730250 28453
8730250 28653
8730250 28876
8799750 679
8799750 4571
8799750 12018
8799750 13592
8799750 14261
8799750 18024
8799750 20826
9039750 3228
9039750 11196
9039750 14580
9039750 27618
9199500 24969
9199500 29099
9982500 542
9982500 9369
3573750 4452
3573750 7868
3573750 11176
3573750 15831
3573750 25260
4392000 2610
4423500 4147
4423500 9111
4423500 11543
4423500 24193
4680000 16463
5155750 2999
5155750 15018
5155750 18024
5155750 18805
5155750 24669
5238000 527
5238000 2683
5238000 9620
5238000 15018
5238000 15138
5238000 21833
5440500 11080
5655250 3228
5655250 11196
5655250 14048
5655250 15645
5655250 16500
7892000 911
7892000 5267
7892000 8489
7892000 16913
7892000 25366
7892000 29225
832250 1831
832250 5053
832250 18024
832250 22963
832250 23143
832250 27791
8529750 16939
8529750 22583
8529750 23013
8529750 28059
8940500 251
8940500 2655
8940500 4571
8940500 11080
8940500 13784
8940500 23928
8940500 25917
9972250 7963
9972250 15138
10592750 3804
10592750 15934
10966250 251
10966250 4949
10966250 8689
10966250 14482
10966250 20456
2331750 953
2331750 1752
2331750 2669
2331750 4709
2331750 7179
2331750 8689
2331750 9458
2331750 10584
2331750 11201
2331750 13390
2331750 17214
2331750 18805
2331750 18990
2331750 21092
2331750 21975
2331750 22126
2331750 24886
2331750 28370
2331750 28653
2331750 28985
2331750 29099
3592750 14694
3675000 1565
3675000 9563
3675000 16722
3751500 10193
3751500 20300
3751500 23284
5336750 679
5336750 6096
5336750 13494
5336750 24669
5467250 679
5467250 6287
5467250 8763
8435250 7105
8435250 11080
8435250 11679
8435250 14261
8435250 16110
8435250 16540
8435250 18730
8435250 21067
9121750 2683
9121750 4571
9121750 5799
9121750 7868
9121750 18805
9121750 19974
9121750 25733
9946250 21865
9946250 26619
11535500 11679
11632250 25022
1247000 25635
2350750 23779
2882750 4452
2882750 11330
2882750 29225
2968250 1831
2968250 8637
2968250 16463
2968250 18758
2968250 18805
2968250 27625
2968250 28985
3405000 19974
5226500 3627
5226500 4694
5226500 7868
5226500 8689
5226500 22484
5226500 23829
5320000 3228
7060500 504
7060500 3384
7060500 12287
7060500 19005
776750 2128
776750 2963
776750 3228
776750 14153
776750 14182
776750 18388
776750 18730
776750 22359
776750 26699
10212500 12927
10212500 24081
10212500 24788
1025250 13247
2033500 3627
2033500 4949
2033500 8689
2033500 11176
2033500 11465
2033500 12352
2033500 16110
2033500 28270
4118250 5185
472000 2963
472000 3515
472000 6211
472000 21565
472000 23584
472000 25333
4809000 1461
4809000 9193
4809000 27637
4886500 17640
4886500 18805
5248750 27035
5248750 28924
5745000 4571
5745000 26722
7854500 527
7854500 530
7854500 4571
7854500 4949
7854500 7323
7854500 7552
7854500 8278
7854500 11080
7854500 12285
7854500 12977
7854500 14902
7854500 19217
8216750 24281
10443000 1392
10443000 14482
10443000 19466
10443000 23628
10653250 20180
10653250 21392
10653250 29203
11078500 9275
11078500 18024
11625250 3740
11625250 18990
11625250 21628
11625250 28017
11947000 1758
11947000 6505
11947000 8719
11947000 9522
11947000 11080
11947000 12162
11947000 13103
11947000 16865
11947000 17959
11947000 21911
11947000 23482
11947000 28967
4454500 4059
4454500 15019
4454500 26699
4454500 27117
4454500 28184
5264500 27791
6458250 7692
6458250 22280
6458250 27205
7600250 3228
7600250 4949
7600250 8662
7600250 11176
7600250 24869
7715000 2457
7715000 6680
7715000 11790
7715000 19394
7797000 11196
892500 239
892500 2669
892500 12688
892500 17180
892500 18741
892500 18805
892500 23403
10818500 5334
10818500 23779
10915250 12220
10915250 18075
1173500 5848
1173500 8049
1173500 8257
1173500 15661
1173500 20037
1173500 20143
1173500 23928
1173500 24869
12204750 7963
1338750 845
1338750 9620
1338750 12586
2076000 3390
2076000 24886
2448250 949
2448250 12541
2448250 24669
2891500 255
2891500 819
2891500 2257
2891500 3627
2891500 4949
2891500 8027
2891500 8724
2891500 11176
2891500 11196
2891500 14580
2891500 28347
2891500 28370
2940000 2683
2940000 11767
2940000 12168
2940000 12220
2940000 14580
2940000 24486
2940000 25086
2940000 25260
2940000 26722
4059500 16463
4153000 9111
4153000 9567
4153000 17835
4153000 18075
4153000 21865
4153000 21883
4153000 22621
4153000 26523
415500 554
415500 7542
4895250 1335
4895250 7248
4895250 11638
4895250 12068
4895250 15423
4895250 21067
4895250 23779
4895250 24541
5899750 12220
5899750 18730
5899750 21672
7976750 3228
7976750 25483
8049000 5067
8049000 20979
8049000 21092
8049000 22749
8628250 5848
8628250 14153
8628250 20979
8628250 26288
8628250 28481
8628250 29465
10756500 17706
1118250 3068
1118250 6672
1118250 7061
1118250 8278
1118250 10970
1118250 11176
1118250 13494
1118250 14294
1118250 15584
1118250 24306
1118250 26665
1118250 27346
12016750 7061
12016750 7248
12016750 15584
12016750 18741
12016750 28653
1244250 1691
1244250 4324
1767500 7409
1767500 20180
1767500 27977
2386250 948
2386250 1008
2386250 7061
2386250 22529
2752000 3032
2752000 3313
2752000 11679
2752000 12243
2752000 22179
2752000 26728
439000 647
439000 2198
439000 3228
439000 3362
439000 3390
439000 4694
439000 6104
439000 7868
439000 12287
439000 16821
439000 24060
439000 25415
439000 26404
5962750 2683
5962750 3228
5962750 5803
5962750 7105
5962750 9563
5962750 11080
5962750 16800
5962750 17706
5962750 27446
7143250 217
7143250 7613
7143250 10404
7143250 10702
7143250 13784
7143250 15799
7143250 22087
7143250 24281
7143250 28985
7143250 29203
9079500 7868
9079500 11022
9079500 25669
9123500 2610
9123500 4324
9123500 7061
9123500 12168
9123500 14694
9123500 15138
9123500 18678
969750 2367
969750 2963
969750 14020
969750 17823
10539250 1461
10539250 4486
10539250 14020
11137750 6104
11137750 12068
11137750 19891
11137750 24669
11137750 24869
11137750 25360
1911500 18730
4259500 9111
4259500 11176
4259500 12541
4259500 15315
4259500 23628
4259500 29099
4547500 8257
4547500 10151
5037000 4571
5037000 7868
5037000 11196
5037000 12068
5037000 14796
5037000 21067
5037000 21140
5037000 27791
5279750 2368
5279750 3228
5279750 20386
5726500 17244
7405250 11330
746000 155
746000 3032
746000 7105
746000 7613
746000 21865
8163500 18868
8163500 22621
8163500 26959
8163500 28438
8215250 25372
9179500 11196
9179500 12220
9179500 17214
9179500 17835
9179500 27618
9179500 27637
9352750 6548
9352750 17133
9352750 18075
9352750 28759
9807250 4694
9807250 6096
9807250 7868
9807250 18905
9807250 26699
9839750 18167
10972250 13672
10972250 23779
11158000 239
11158000 4694
11158000 7868
11158000 8637
11158000 11396
11158000 15018
11158000 21657
11158000 21930
11158000 25169
11158000 28876
11494250 11196
11734000 28985
11782250 7127
11782250 18002
2088000 2198
2088000 10949
2088000 13020
2088000 13247
2088000 15019
2088000 21883
3396250 15138
3396250 16939
3846250 8719
3846250 11679
3846250 11882
3846250 15584
3846250 16722
3846250 23143
4115500 6731
4115500 26619
4370750 1666
4370750 4078
4370750 23628
65500 2452
65500 5443
65500 5814
65500 6152
65500 18736
65500 24196
65500 29202
8072250 749
8072250 1392
8072250 4078
8072250 6098
8072250 11196
8072250 12977
8072250 14020
8072250 14894
8072250 23143
8072250 25372
1492500 8637
1492500 11679
1492500 24886
1528500 646
1528500 1505
1528500 3627
1528500 4750
1528500 5799
1528500 7248
1528500 12977
1528500 18466
1528500 18736
1528500 21092
1528500 22280
1528500 22749
1528500 23013
1528500 23774
1528500 24929
1528500 28370
1528500 29265
1792000 5429
1792000 6203
1792000 16540
1792000 20979
2316250 9657
2316250 9688
2316250 10948
2316250 18180
2316250 26288
3317500 1917
3317500 3032
3317500 7105
3317500 7692
3317500 8446
3317500 17657
3317500 22313
3317500 25366
3317500 27514
417250 12068
4378500 11857
4378500 16100
4503500 24193
4876750 949
6126750 15019
6126750 25117
6126750 25169
7184500 2159
7184500 2899
7184500 4571
7184500 4694
7184500 6352
7184500 7868
7184500 8792
7184500 10193
7184500 16939
7184500 22359
7184500 27791
7184500 28463
8156500 2198
8156500 4078
8156500 8842
8156500 9620
8156500 16420
8156500 19974
8528750 15315
8528750 16913
8528750 27791
9586500 5799
9586500 8860
9586500 17401
9586500 24601
11114000 25372
140500 3627
140500 14625
140500 18730
140500 23779
2364500 21865
3014750 4694
3014750 7868
3096750 15315
3511000 13020
3511000 14020
3511000 29203
4782250 679
4782250 8446
4782250 9658
4782250 10193
4782250 10778
4782250 15359
4782250 27791
5170500 6096
5170500 14020
5170500 18805
5170500 19973
5170500 21672
6233750 3458
6233750 4220
6233750 10014
6233750 10584
6233750 10948
6233750 18180
6233750 26619
6848000 12977
6848000 24601
6848000 26619
8017000 3719
8017000 15096
8017000 22280
8017000 23284
8353250 3438
8353250 12285
8353250 16331
8353250 27205
9076750 17748
9979000 251
9979000 6096
9979000 8628
9979000 20661
10119250 7868
10119250 10282
11131750 4039
11794250 28924
11794250 29099
3148500 155
3148500 12795
3148500 14894
3148500 16217
3148500 22126
3148500 27346
3148500 28270
3326250 614
3326250 9479
3326250 10866
3326250 24459
3404000 29
3404000 905
3404000 3627
3404000 6246
3404000 8446
3404000 15911
3404000 18273
3404000 22246
3404000 27791
4625750 530
4625750 3151
4625750 10840
4625750 11734
4625750 14482
4625750 22321
4625750 22749
4625750 24869
4625750 25366
4625750 25420
4625750 26000
5110750 7096
5110750 18167
6301250 574
6301250 1031
6301250 8226
6301250 8637
6301250 8689
6301250 11543
6301250 12271
6301250 16463
6301250 25917
6380000 24459
691500 239
691500 8643
691500 14498
691500 19974
691500 20661
691500 22547
691500 22664
691500 23013
691500 26288
691500 29445
7918750 1591
7918750 9802
7918750 24541
7918750 26404
7918750 26959
8160750 15308
8160750 18529
9513250 9195
9513250 18024
9513250 23861
9513250 23928
9513250 26394
9671750 26722
11558000 749
11558000 12674
1838750 16818
2198750 5429
2198750 12220
2198750 12394
2198750 13054
2198750 16550
2198750 18024
267250 679
267250 2367
267250 5053
267250 10690
267250 11679
267250 20297
2807500 1010
2807500 1015
2807500 3817
2807500 10014
2807500 12688
2807500 18024
2807500 18741
2807500 19379
2807500 27117
2823250 2610
2823250 25329
299750 3719
299750 4452
299750 11080
299750 23612
299750 24601
299750 24869
299750 28410
3009000 2033
3009000 5627
3009000 8724
3009000 15019
3009000 22393
3009000 27117
3009000 28347
393250 519
393250 4949
5082500 14020
6807250 13394
6807250 22393
6807250 25372
6807250 27791
7211250 7061
7211250 23656
7568750 1831
7568750 12285
791500 3627
791500 10329
791500 14712
791500 16606
791500 20297
791500 24831
791500 26665
8346250 16939
8909750 28270
11121500 13049
11121500 15799
11121500 18024
11121500 20297
11121500 24601
11129250 949
11129250 4949
11129250 11080
11129250 11280
11527500 27791
1365000 13737
1365000 14580
1688750 7248
1688750 12220
2103250 4220
2103250 7567
2103250 11022
2103250 12394
2103250 13592
2103250 13737
2103250 14902
2103250 20661
2103250 22280
2103250 23549
3684750 16463
3684750 16754
3799500 21768
448250 15911
4631250 13103
4631250 15934
4631250 29099
4712250 18388
4712250 20902
5522250 4479
5522250 15315
5957500 24966
6904000 9111
731750 7692
731750 9195
731750 11196
731750 15924
731750 27618
9215000 14294
11352000 7096
11352000 12352
12331000 4220
12331000 7542
12331000 11330
12331000 18180
12331000 21758
12331000 26614
1622500 8148
1622500 12285
1622500 14020
1622500 19179
1622500 22027
1710500 14780
1710500 28065
2232500 679
2232500 14261
2232500 24929
252500 18805
252500 23656
252500 23861
3010000 4220
3010000 13975
4317250 22029
4475750 3719
4475750 4949
4475750 8689
4475750 12068
4475750 13592
4475750 18024
4475750 18805
4475750 20536
4475750 20551
4475750 23774
5078750 554
5078750 679
5078750 1031
5078750 4949
5078750 5310
5078750 7096
5078750 7260
5078750 7465
5078750 9111
5078750 9549
5078750 10329
5078750 13592
5078750 14580
5078750 17959
5078750 18990
5078750 21657
5078750 23628
5078750 25329
5078750 25669
5078750 27625
5910250 28525
621500 1008
621500 2683
621500 3308
621500 6326
621500 7868
621500 11176
621500 18024
621500 19973
621500 22034
621500 23861
621500 25260
621500 29099
6264750 1415
6266000 23774
6921750 2367
6921750 7868
6921750 19197
7445000 11196
7445000 16463
7445000 18075
8910750 5598
8910750 10948
8910750 11330
8910750 12688
8910750 18167
8910750 24929
8910750 26614
8910750 27514
8910750 29078
9651250 1598
9651250 5639
9685000 5403
9716500 28065
9842500 7380
9842500 10726
9842500 10908
9842500 18805
9842500 21995
9842500 25086
10642000 251
10642000 2655
10642000 3627
10642000 5053
10642000 7567
10642000 7576
10642000 11176
10642000 16754
10642000 20536
10642000 21334
10642000 26728
10642000 27625
1194750 83
1194750 679
1194750 3068
1194750 3627
1194750 4059
1194750 7400
1194750 8637
1194750 20551
1194750 21092
1194750 24669
1194750 25169
1194750 25366
1531250 4078
1531250 22179
1782250 155
1782250 2568
1782250 7105
1782250 14415
1782250 18024
2704750 3228
2704750 3658
2704750 5764
2704750 11547
2704750 13592
2704750 22359
3304500 3592
3304500 3804
3304500 4324
3304500 4931
3304500 5081
3304500 6158
3304500 13554
3304500 16540
3304500 17228
3304500 17512
3304500 18086
3304500 22269
3304500 24461
3304500 25169
3304500 29099
5256500 614
5256500 3775
5256500 20679
567250 949
567250 7105
567250 7868
567250 11080
567250 19615
567250 27791
5751500 1392
5751500 2033
5751500 5336
5751500 11679
5751500 12977
5751500 14873
5751500 23928
5751500 24869
599750 530
599750 9657
599750 12285
599750 18990
599750 20297
6571750 155
6571750 9193
6571750 16540
6571750 17706
7383000 27791
887750 15019
887750 15934
887750 17237
887750 28270
10533750 3032
10533750 13451
10533750 14261
10533750 19974
10533750 24601
10533750 27346
1165500 15423
1181250 7465
1181250 18932
1181250 22749
1181250 23284
12275500 5429
12275500 9563
12275500 21930
2480750 20979
2480750 23284
3742000 2669
3742000 5336
3742000 8643
3742000 13020
3742000 14482
3742000 23656
3742000 26168
8243500 949
8243500 3390
8243500 4479
8243500 4931
8243500 4949
8243500 8489
8243500 11196
8243500 11776
8243500 14048
8243500 17060
8243500 18075
8243500 24461
8243500 24869
8243500 27618
8243500 29099
8324500 9657
8324500 14020
8324500 18741
9351750 11080
9351750 14580
9592500 9549
9592500 26665
984500 2513
984500 18730
984500 27791
984500 28985
10185000 7868
10264750 29203
11440500 1803
11440500 2179
11440500 7936
11440500 15584
11440500 16540
11440500 26576
1189000 6548
1189000 16361
1189000 16818
1189000 23612
1189000 23628
1189000 27615
11896000 12068
1806750 26394
19500 5086
19500 7096
19500 14048
19500 19421
19500 20551
19500 27927
2050000 10702
2050000 11022
2050000 26866
232000 4694
232000 7105
232000 7868
232000 21865
2988000 6548
2988000 12606
2988000 15828
2988000 17133
2988000 22482
3216500 2963
3216500 27168
3216500 28992
3719250 3362
3719250 4960
5139250 11080
5139250 17959
5139250 21336
6852750 4949
6852750 12285
6852750 16939
764000 18990
8314250 11196
8314250 27618
11949750 2198
11949750 5403
11949750 10353
11949750 13554
11949750 16519
11949750 25177
11949750 29547
12234750 949
12234750 4078
12234750 4510
12234750 10893
12234750 21632
12234750 22126
12234750 25372
12234750 26614
12234750 29465
12239250 12271
12239250 20519
12239250 26288
3288250 4750
3288250 5592
3288250 19394
3977750 1461
3977750 13975
3977750 17060
4921000 1031
4921000 3032
4921000 14048
4921000 19974
4921000 23549
5024500 9802
5024500 12977
5024500 14265
5024500 15138
5024500 17748
5812000 679
5812000 2683
5812000 4039
5812000 11465
5812000 15631
5812000 19759
5812000 19993
5812000 20506
6172000 24704
6713250 1758
6713250 2367
6713250 5185
6713250 14261
6713250 18805
6713250 18879
6713250 24344
6713250 24541
6713250 27625
7361250 24541
7361250 28410
7921500 12674
7921500 15534
7921500 22556
7921500 22583
7921500 23612
7921500 28087
9394250 3228
9394250 7105
9394250 9563
9394250 14894
9394250 17060
9394250 28899
9394250 29203
10592000 1335
10592000 19973
11307500 12068
11307500 18167
11307500 20300
11307500 22359
12384250 3658
2253250 527
2253250 1031
2253250 28975
4189500 9165
4399750 23207
5915250 2367
5915250 14242
5915250 15138
6234000 4220
6234000 4571
6234000 16463
6234000 17020
6234000 18051
6234000 21372
6683750 5267
6683750 29203
7830250 554
7830250 17237
8096750 3228
8096750 5267
8096750 21672
8096750 23628
8096750 24887
8096750 26288
10000250 5598
10000250 9563
10000250 17153
10000250 19974
10566000 7868
10598500 155
10598500 7105
10598500 9563
10598500 11776
10773000 2257
10773000 2999
10773000 8724
10773000 9486
10773000 12977
10773000 18736
10773000 19615
11711250 1392
11711250 3719
11711250 6175
11711250 9609
11711250 10866
11711250 21338
11711250 23861
11711250 24942
11711250 28453
12229000 12588
12229000 17389
1617250 1505
1617250 7061
1617250 11951
1617250 18002
1617250 23284
1617250 27791
1617250 28463
2756000 2198
2756000 21092
4257000 11196
4257000 27625
4304250 679
4304250 7868
4304250 14902
4304250 16846
4304250 24929
4336750 16463
4658500 10948
4658500 11330
4658500 12606
4658500 17453
4658500 18075
4658500 25917
4658500 27625
6497000 20747
6780500 4571
6780500 10893
6780500 29099
8111500 527
8111500 11080
10297000 11196
10297000 18075
10297000 25058
10297000 27056
10713250 1031
11313000 7456
11313000 11196
11313000 17013
11313000 21865
11313000 27406
11313000 27618
11313000 27791
12004000 5081
12004000 7680
12004000 15307
12004000 16463
12377250 2729
12377250 3151
12377250 5799
12377250 8689
12377250 14020
12377250 18075
12377250 22313
12377250 22556
1724250 3228
1724250 7868
1724250 15269
1724250 23198
4035250 11159
4193750 21657
4193750 23779
5539250 155
5539250 4694
5539250 7868
5539250 8689
5539250 18075
5697750 476
5697750 2367
5697750 27791
6272000 2803
6272000 12055
6272000 17400
6998500 1031
7116750 10308
7116750 12541
7116750 14930
7116750 24503
7116750 27637
7323750 3458
7323750 11196
8617500 4571
8617500 11280
8617500 26619
8617500 27625
8617500 28270
10234000 3719
10234000 4039
10234000 9111
10234000 10970
10234000 14020
10234000 14261
10234000 15019
10234000 25086
10234000 28653
10234000 28975
1074750 527
1074750 647
1074750 3699
1074750 10171
1074750 11080
1074750 11904
1074750 12168
1074750 12220
1074750 12285
1074750 12747
1074750 14580
1074750 21865
1074750 22556
10976250 11679
10976250 12285
10976250 14482
10976250 14580
11283500 12220
11283500 16463
154750 11196
1727500 3228
1727500 4452
1727500 7812
1727500 9563
3282250 11857
3282250 27638
3282250 29099
528250 155
528250 2963
528250 7096
528250 8693
528250 12977
5846250 1831
5846250 18200
69500 1917
69500 6352
69500 15315
69500 18730
7218000 7096
7218000 10702
7218000 11201
7218000 15859
7218000 21936
7218000 22317
7218000 24669
7588000 5848
7588000 7105
7588000 10329
7588000 28653
7588000 28975
8555500 1282
8555500 4738
8555500 5598
8555500 7762
8555500 10741
8555500 18180
8555500 19379
8555500 25372
8555500 27615
8555500 29078
10578000 26523
10578000 28992
11220500 12285
11590500 17127
11590500 17512
11590500 18741
1629250 18024
1629250 19891
1629250 21392
1629250 21758
1629250 24196
1629250 24601
1629250 29099
2187500 6158
2187500 23628
2187500 27394
2187500 29203
3625250 5625
3625250 18180
3625250 21372
3625250 26614
3861500 4694
3861500 7868
3861500 20470
3913250 8409
3913250 8689
3913250 9230
3913250 9242
3913250 9948
3913250 12220
3913250 14020
3913250 28164
4073250 12271
4073250 17153
4073250 27415
6099250 11823
6099250 13244
620500 4571
620500 6352
8123500 1591
10628500 398
10628500 2476
10628500 4039
10628500 5652
10628500 7045
10628500 11328
10628500 12285
10628500 13784
10628500 14294
10628500 16463
10628500 18075
10628500 18736
10628500 19632
10628500 20297
10628500 20386
10628500 21092
10628500 21336
10628500 21930
10628500 22313
10628500 23549
10628500 23928
10628500 24869
10628500 26619
10628500 27035
10628500 27117
10628500 27791
11535250 2257
11535250 16463
12061000 16463
12417500 3438
12417500 7061
12417500 7963
12417500 8689
12417500 15138
12417500 15831
12417500 16406
12417500 16846
12417500 16913
12417500 17959
12417500 18024
12417500 24601
12417500 29099
309750 15365
309750 20902
3644250 4381
3644250 4775
3644250 7127
3644250 16406
3644250 18843
3644250 29473
5011500 11196
5011500 20180
5011500 22280
5011500 23013
5011500 23779
5226250 8689
5226250 10726
5226250 15907
5226250 21865
5226250 24669
5999000 5081
5999000 10908
5999000 14265
5999000 26523
6412250 7260
6700250 8719
6700250 9549
725000 17835
725000 20902
854250 4571
854250 9881
854250 23549
1086750 1084
1086750 4694
1086750 7868
1086750 18977
11169500 953
11169500 2198
11169500 4220
11169500 10014
11169500 15584
11169500 19217
11957000 12977
11957000 16818
11957000 17060
11957000 17242
11957000 21995
11957000 23907
3249250 2513
3249250 12394
3249250 26394
3249250 27791
4063000 19974
4967250 4694
4967250 6101
4967250 7868
4967250 12431
5693000 2655
6751750 1008
6751750 3068
6751750 3658
6751750 16243
7322250 23861
9512750 4239
9512750 11080
9512750 23779
9512750 27205
9802000 5883
9802000 24601
11601500 11080
11601500 12220
3344750 3313
3344750 4452
3344750 5310
3344750 7542
3344750 11022
3344750 17748
3344750 18290
3344750 24196
3344750 26614
3344750 28177
3344750 28463
3954500 15584
4195500 7737
4195500 9802
4195500 12285
4195500 15315
4195500 18097
4195500 18905
4195500 20456
4195500 27407
425500 12285
425500 22094
4852500 911
4852500 5848
4852500 7542
4852500 8278
4852500 10151
4852500 11665
4852500 16500
4852500 20519
4852500 24541
4852500 26288
5261000 1591
5261000 13592
5261000 15308
5261000 21581
5261000 24788
6150750 15831
6150750 18185
6150750 26523
6155250 4059
6155250 4220
6155250 7850
6155250 14020
6155250 15661
6155250 29203
7375000 11201
7375000 11857
8216500 6148
8216500 14159
8216500 22552
8216500 22916
8216500 25329
8216500 27791
8216500 28481
8845250 554
8845250 4039
8845250 11826
8845250 12008
8845250 14020
8845250 16722
8845250 17214
8845250 18736
8845250 22484
8845250 23928
8845250 28653
9694750 14550
9694750 15383
11300000 2963
11300000 8689
11300000 13701
11300000 18024
11579750 12688
11701500 26679
1579250 4078
1579250 4953
1579250 5336
1579250 7105
1579250 13737
1579250 21160
1793250 679
1793250 2033
1793250 4949
1793250 21067
203750 12977
203750 18075
203750 25372
2797750 3658
2797750 11790
2797750 20595
2797750 28270
282500 2683
282500 12055
4907500 5086
4907500 11196
4907500 24196
5440750 2963
5440750 16243
5440750 19862
5440750 20045
7810250 8637
8280500 16674
8280500 17972
8573000 6158
8573000 28049
861750 23284
861750 27791
9055750 11201
9055750 18024
1063000 530
1063000 15019
1063000 20551
1063000 22280
1063000 22749
1063000 24196
1063000 24929
1063000 28481
11225500 13020
11225500 16463
11225500 23342
11225500 24869
1561250 251
1561250 3804
1561250 7096
1561250 12352
1561250 13891
1561250 14153
1561250 14261
1561250 17706
2975500 5086
2975500 12352
2975500 14153
2975500 14902
2975500 16406
2975500 19745
2975500 29095
3350250 1672
3350250 3384
3350250 18736
3350250 24765
3350250 25420
418500 15138
418500 18002
5865750 911
5865750 1031
5865750 3228
5865750 10268
5865750 28177
6634500 9454
7785250 11790
7785250 12132
7898750 26894
8060000 18024
8385000 504
8385000 1548
8385000 3458
8385000 7680
8385000 9111
8385000 16463
8385000 18080
8385000 19217
8385000 23284
11503250 504
11747250 155
11747250 251
11747250 282
11747250 679
11747250 4571
11747250 4960
11747250 7692
11747250 9111
11747250 9563
11747250 9620
11747250 10840
11747250 11244
11747250 12285
11747250 14048
11747250 16918
11747250 17959
11747250 18730
11747250 26523
12386500 2367
3031750 7323
3031750 11263
3031750 12977
3031750 14020
3031750 14902
3031750 16110
3031750 16406
3031750 18131
3031750 18388
3031750 21565
3031750 26288
3031750 29099
3114000 2655
3114000 20536
3114000 21092
3114000 23928
4256000 7692
4256000 11679
4256000 14153
4256000 16331
4256000 18741
4256000 27791
5354000 10014
5354000 18024
5354000 18990
5354000 20180
563500 3658
563500 5260
563500 9620
563500 10778
563500 12426
563500 16939
563500 19632
563500 20300
563500 23284
563500 23928
5642000 7812
5642000 10726
5642000 10840
5642000 11080
5642000 14873
6412750 3719
6412750 14580
6412750 15019
6572500 29099
10052000 143
10052000 7680
10052000 22126
10052000 22280
11761750 554
11761750 28975
3903500 1392
5292000 8643
5292000 19974
5292000 23779
5292000 25669
5407750 6352
5407750 16821
5742000 5593
5742000 19523
5742000 29465
5952250 5067
6258500 12068
7450000 8637
7450000 12977
7450000 14261
7450000 20661
7450000 27791
7450000 29202
8051750 7936
8051750 21911
8100250 7868
9069000 9620
9069000 11864
9069000 19217
9069000 19937
9069000 22393
9069000 28017
10312750 2899
10312750 3627
10312750 4949
10312750 5086
10312750 5185
10312750 6672
10312750 7868
10312750 9563
10312750 9620
10312750 12352
10312750 15934
10312750 17547
10312750 20164
10312750 20367
10312750 24503
10312750 25260
10521000 7868
10521000 9472
1525000 2257
1525000 9620
1525000 11196
236000 8637
239250 18990
239250 28481
5059000 9195
6694750 3151
6694750 5053
6694750 9472
6694750 12352
6694750 12977
6694750 14020
6694750 18730
6694750 20456
6694750 24196