10944750 14596
10944750 25372
10944750 28752
12028500 11196
12028500 13390
12028500 16540
12028500 18217
12028500 21392
12028500 21975
12028500 27618
12154500 2568
12154500 4694
12154500 7868
12154500 8689
12154500 9471
12154500 9549
12154500 14976
12154500 17214
12154500 17640
12154500 22484
12154500 27791
12154500 28164
1620500 5833
1620500 23735
4716750 2683
4716750 2963
4716750 13784
4716750 29202
4844000 4694
4844000 5598
4844000 7868
4844000 12899
4844000 15934
4844000 21983
4844000 24196
5654000 4571
5654000 4775
5654000 5896
5654000 12285
5654000 16939
5654000 19973
5654000 23861
5654000 29231
5780000 155
5780000 398
5780000 1461
5780000 2128
5780000 3181
5780000 4411
5780000 4807
5780000 5814
5780000 7059
5780000 7061
5780000 7071
5780000 7105
5780000 7856
5780000 8313
5780000 8637
5780000 8842
5780000 9111
5780000 9165
5780000 9985
5780000 10014
5780000 10133
5780000 10702
5780000 11022
5780000 11328
5780000 11524
5780000 12688
5780000 14065
5780000 14261
5780000 15315
5780000 15534
5780000 15584
5780000 15811
5780000 16376
5780000 17061
5780000 17214
5780000 17959
5780000 18736
5780000 19421
5780000 20979
5780000 21092
5780000 21336
5780000 22313
5780000 22321
5780000 22484
5780000 22529
5780000 22556
5780000 23928
5780000 24306
5780000 26160
5780000 26523
5780000 27637
5780000 27955
5780000 28481
6061250 4949
6061250 5264
6061250 10893
6061250 11176
6061250 12438
6061250 14930
6061250 16463
6061250 19632
6061250 22113
6061250 22359
6061250 22577
6061250 28985
6061250 29203
6458500 8637
6458500 27791
8170750 7576
10224750 1481
10224750 5081
10224750 11679
10224750 16463
10224750 29224
10229250 4931
10229250 8689
10229250 16624
10229250 22179
10229250 23774
10229250 24541
10229250 24869
10229250 28164
10302500 679
10302500 2626
10302500 6630
10302500 7409
10302500 8689
10302500 12162
10302500 14065
10302500 18167
10302500 23928
10302500 26087
10302500 28164
1110750 3458
1110750 12426
1110750 20578
12015000 7552
12015000 15138
12173500 554
12173500 1325
12173500 3627
12173500 9817
12173500 15405
12173500 15534
12173500 22556
12173500 28184
12173500 28370
1971500 3151
1971500 5598
1971500 7096
1971500 7692
1971500 11524
1971500 12795
1971500 13701
1971500 14065
1971500 14415
1971500 15315
1971500 20519
1971500 23019
1971500 23928
1971500 25329
1971500 26288
1971500 27205
1971500 27791
1971500 27946
2626250 25193
3963750 251
3963750 646
3963750 3809
3963750 4949
3963750 7096
3963750 8628
3963750 11176
3963750 11196
3963750 11330
3963750 12977
3963750 13020
3963750 13737
3963750 19421
3963750 21067
3963750 22280
3963750 26308
3963750 26614
434750 3228
434750 4571
434750 6104
434750 16972
434750 19394
434750 19973
434750 21911
434750 26464
434750 27511
5220750 8689
5220750 28164
5220750 28438
5254500 3313
5254500 4694
5254500 7868
5254500 13451
5254500 15918
5254500 18024
5254500 19973
5254500 21672
5254500 22359
5254500 24601
5254500 25488
6067750 5848
6571000 2626
6571000 4254
6571000 5470
6571000 8637
6571000 12162
6849750 2199
6849750 6246
6849750 6757
6849750 8049
6849750 8637
6849750 11679
6849750 15584
6849750 19394
6849750 24886
6849750 24969
6849750 25733
6849750 27928
6849750 29099
6849750 29224
7703750 527
7703750 6398
7703750 6672
7703750 7542
7703750 7576
7703750 8278
7703750 11196
7703750 11612
7703750 12394
7703750 14294
7703750 18075
7703750 18730
7703750 18868
7703750 27625
8149250 2367
8149250 2626
8149250 11196
8149250 11679
8149250 12162
8149250 16396
8149250 27618
8149250 29224
8757750 13451
8757750 18024
8757750 20519
8757750 23928
8757750 24601
8757750 26288
9288000 19394
10696000 1666
10696000 2963
10696000 3740
10696000 9846
10696000 11022
10696000 14153
10696000 14887
10696000 19615
10696000 20979
10696000 25420
10696000 28481
11391250 28924
1661750 679
1661750 1546
1661750 2729
1661750 3151
1661750 5799
1661750 7989
1661750 9165
1661750 9802
1661750 10840
1661750 14020
1661750 15315
1661750 20578
1661750 27946
1661750 28221
1832000 25687
2771250 476
2771250 2513
2771250 2963
2771250 12606
2771250 14694
2771250 15828
2771250 27791
2852250 11682
3001000 679
3001000 4571
3001000 11080
3001000 14902
3001000 16406
3001000 19973
3001000 21911
3001000 21995
3001000 24780
3211250 239
3211250 3390
3211250 6148
3211250 8637
3211250 11076
3211250 11524
3211250 11679
3211250 12431
3211250 13737
3211250 15584
3211250 16110
3211250 17706
3211250 27155
3581250 5086
3581250 5848
3581250 9458
3581250 16406
3581250 16722
3581250 22126
3581250 23482
3581250 23774
4256500 2410
5034000 7465
5901250 12606
5901250 14575
5901250 15828
6257000 530
6257000 3740
6257000 3804
6257000 3913
6257000 12285
6257000 16540
6257000 17024
6257000 18217
6257000 21094
6257000 22749
6257000 23563
6257000 23628
6996000 6305
11362000 8693
11362000 10240
11687000 8689
11687000 28164
11847750 12132
12008000 4960
12008000 9111
12008000 14261
12008000 16331
12008000 17647
12008000 18024
12008000 20979
12008000 28481
12215000 6672
12215000 8637
12215000 18996
12215000 25488
12215000 26614
12215000 27791
12215000 28463
1969000 11524
1969000 12220
1969000 18002
2132250 14159
3089500 1917
4770500 2610
4770500 4808
4770500 4931
4770500 6988
4770500 9031
4770500 9165
4770500 10404
4770500 11196
4770500 15315
4770500 18075
4770500 20297
4770500 24196
4770500 24869
4770500 28975
4809750 679
7002750 1481
7002750 5081
799000 6672
799000 8278
799000 12132
799000 16331
799000 24553
799000 24969
799000 27791
799000 29099
8102000 768
8102000 1325
9035750 4479
9035750 5268
9035750 5598
9035750 7850
9035750 8724
9035750 9881
9035750 17977
9035750 18024
9035750 19973
9035750 20548
9035750 20661
9035750 23928
9035750 24969
9035750 25618
9035750 29099
9163000 6096
9163000 11080
9163000 13554
9163000 21911
9163000 26576
9244000 4694
9244000 7868
1046250 27791
10768750 6672
10768750 15631
10768750 19993
10768750 25488
12027000 15233
12027000 17013
12027000 21865
1904750 398
1904750 23928
1906000 1325
1906000 1831
1906000 2438
1906000 2683
1906000 9532
1906000 9567
1906000 12220
1906000 12285
1906000 16540
1906000 18217
1906000 26737
1909250 504
1909250 4220
1909250 6326
1909250 10014
1909250 11524
1909250 12688
1909250 14209
1909250 18180
1909250 20516
1909250 23470
1909250 24645
1909250 26523
2874500 4694
2874500 7868
2874500 8338
2874500 10840
2874500 17823
2874500 22094
2874500 28370
2921750 143
2921750 5324
2921750 7105
2921750 11201
2921750 27791
3524750 9031
3524750 26871
3849750 9549
4184250 241
4184250 398
4184250 4949
4184250 5799
4184250 8689
4184250 11196
4184250 14020
4184250 23928
4184250 27618
4184250 28164
4215750 398
4215750 1037
4215750 8630
4215750 12674
4215750 12795
4215750 14415
4215750 18544
4215750 18805
4215750 23656
4215750 23928
4956000 9165
4956000 15315
5108000 155
5108000 3627
5108000 3804
5108000 4254
5108000 4411
5108000 4571
5108000 5799
5108000 7105
5108000 10193
5108000 14020
5108000 15094
5108000 19973
5108000 22359
5108000 22556
5108000 23628
5108000 28370
5108000 28411
5108000 29203
5108000 29547
6874250 2683
6874250 8637
6874250 11080
6874250 12168
6874250 12747
6874250 14265
6874250 15584
6874250 17214
6874250 18805
6874250 21911
6874250 22484
6874250 27791
6874250 28410
8040000 239
8040000 834
8040000 1335
8040000 5043
8040000 8257
8040000 10151
8040000 12541
8040000 15138
8040000 15315
8040000 17084
8040000 17400
8040000 20300
8040000 22547
8040000 23284
8040000 27205
9344000 17024
10095000 6672
10095000 8278
10095000 9111
10095000 13494
10095000 14261
10095000 19973
10095000 26308
10095000 26699
10831750 5640
11434750 7071
11434750 9985
2078000 12068
2078000 14902
2078000 16406
2078000 17449
2078000 24669
2078000 27791
3590000 7567
3590000 28924
3787750 2610
3787750 26969
5898500 7105
5898500 8724
7367000 143
7367000 155
7367000 4808
7367000 7061
7367000 7105
7367000 11328
7367000 11612
7367000 15686
7367000 18730
7367000 20297
7367000 21336
7367000 21975
7367000 22529
7367000 26000
7687500 4694
7687500 7868
7687500 11612
7687500 12285
7687500 12364
7687500 13853
7687500 14498
7687500 16540
7687500 18730
7687500 28625
10064500 5799
10064500 12220
10064500 22583
10064500 24969
10064500 29099
11340250 14294
11340250 25329
11612500 5848
11612500 11196
11612500 16722
11612500 18075
11612500 18741
12065000 1533
12065000 12453
3035250 11080
3035250 21911
3226500 6621
3226500 27791
371250 1325
371250 16217
42000 13390
5754500 143
5754500 3954
5754500 5799
5754500 8307
5754500 8725
5754500 10282
5754500 11790
5754500 14020
5754500 18024
5754500 24978
5754500 28752
8649250 11882
8649250 12285
8649250 13554
8649250 16939
8649250 18024
8649250 23928
887500 11080
887500 21911
9173750 5799
9173750 7105
9173750 9165
9173750 11679
9173750 12541
9173750 13784
9173750 14020
9173750 15315
9173750 16110
9173750 16540
9173750 18217
9173750 29224
9628250 18024
9628250 23779
9628250 23928
9706000 3809
9706000 4808
9706000 6364
9706000 11487
9706000 12168
9706000 20297
9706000 22094
9706000 23340
9706000 24969
9706000 29099
9706000 29363
981000 2963
981000 4949
981000 5799
981000 11176
981000 12394
981000 14020
981000 14153
981000 14294
981000 27160
10054250 1079
10054250 4667
10054250 4808
10054250 11159
10054250 19660
10054250 20297
1459750 28059
1966250 3228
1966250 15831
1966250 25260
1966250 26464
3054250 3151
3054250 5799
3054250 7248
3054250 9563
3054250 12285
3054250 14020
3054250 16540
3054250 27946
3054250 29203
3293750 11196
3293750 18075
3293750 25193
3293750 26523
3952000 2128
3952000 4479
3952000 9111
3952000 11330
3952000 16376
3952000 22529
3952000 24969
3952000 25917
3952000 29099
4850000 614
4850000 27389
4963500 1325
4963500 15534
4963500 18002
4963500 21092
4963500 22556
5906250 143
5906250 13784
5906250 27791
10393750 2437
10393750 3438
10393750 12717
10393750 29265
11493000 1533
11493000 4694
11493000 7868
11493000 9072
11493000 12453
11493000 14661
11493000 22727
11894500 26619
12231250 17647
12231250 27155
1446250 4808
1446250 7105
1446250 20297
1446250 23482
1446250 24306
3188000 9567
3188000 12438
3188000 16463
3188000 26737
3520000 398
3520000 1700
3520000 2999
3520000 3181
3520000 5598
3520000 7105
3520000 7868
3520000 9458
3520000 9563
3520000 10325
3520000 10702
3520000 11328
3520000 12068
3520000 12795
3520000 14415
3520000 16846
3520000 21336
3520000 22126
3520000 23409
3520000 23928
3520000 24601
3520000 24669
3520000 24969
3520000 24984
3520000 27927
3520000 28065
3520000 29099
364250 11679
364250 29224
38250 10051
38250 11612
38250 14265
38250 15138
38250 18730
5959000 2963
5959000 4078
5959000 6951
5959000 14153
5959000 14242
5959000 18805
5959000 27791
6247250 15814
6247250 18024
6564500 646
6564500 4949
6564500 11176
6564500 11196
6564500 11612
6564500 11790
6564500 12977
6564500 14902
6564500 16406
6564500 18730
6564500 24978
6564500 26576
6564500 29095
7345250 2750
7699500 360
7699500 398
7699500 1031
7699500 1222
7699500 1546
7699500 5848
7699500 8719
7699500 9620
7699500 9802
7699500 11612
7699500 11679
7699500 11793
7699500 12285
7699500 13592
7699500 14182
7699500 16722
7699500 18730
7699500 23928
7699500 26127
7699500 29224
83250 4220
83250 7409
83250 7624
83250 7989
83250 18180
83250 25329
83250 28164
10047250 12132
11142000 4220
11142000 17407
11142000 18180
1381000 8724
1381000 9111
1381000 14261
1381000 17958
1381000 24969
1381000 25329
1381000 27637
1381000 28347
1381000 29099
2428500 17153
380000 12329
380000 14174
380000 22094
4102750 20585
4922750 2669
4922750 18024
4922750 23928
5769750 143
5769750 11330
5769750 12977
5769750 16116
5769750 16818
5769750 24503
5769750 26614
5847500 17013
5847500 21865
6619500 1917
6619500 3627
6619500 14011
6619500 15934
6619500 21067
6619500 21983
6619500 28370
7927750 3032
7927750 12674
7927750 20519
7927750 26288
7927750 28270
8129250 4694
8129250 7045
8129250 7868
8129250 8637
8129250 16463
8129250 18097
8129250 25733
8129250 27791
10063000 1325
10063000 3677
10063000 10893
10063000 14930
10063000 22393
10063000 27637
10257500 10893
10257500 14930
10257500 18805
10309250 7105
10309250 9472
10309250 11734
10309250 14226
10309250 17882
10309250 18996
10309250 23928
11111500 27791
11321750 4294
11321750 6242
11321750 7997
11321750 9906
11321750 11730
11321750 12358
11321750 19891
11321750 21672
11321750 24907
11321750 25488
11321750 27205
11321750 28481
11321750 29547
11936000 13020
12337750 7061
12337750 21092
1240250 2160
1240250 4808
1240250 20297
145750 3847
145750 7409
145750 11196
145750 24242
145750 27618
145750 28164
1517000 8669
1517000 9031
1517000 27205
1812000 4694
1812000 7868
1812000 11196
1812000 19814
1812000 27618
2251750 13554
2251750 21336
2251750 23549
2492500 12285
2492500 16939
2492500 19005
2492500 20979
2492500 28481
5012750 1335
5012750 2208
5012750 5053
5012750 7963
5012750 10893
5012750 11196
5012750 13020
5012750 14930
5012750 23782
5012750 27618
5143250 5429
5143250 6287
5143250 9563
5143250 10949
5143250 11330
5143250 13067
5143250 14482
5143250 21336
5143250 23549
5143250 24869
5143250 26394
5143250 26614
5143250 29547
6848750 4307
6848750 8689
6848750 11328
6848750 21336
6848750 28164
7545250 3228
7545250 11679
7545250 13891
7545250 26464
7545250 29224
8271000 11280
9782000 3151
9782000 5086
9782000 5367
9782000 7248
9782000 14902
9782000 16406
9782000 18758
9782000 27946
9782000 29364
10069500 2257
10069500 4571
10069500 4694
10069500 7868
10069500 8637
10069500 10740
10069500 14408
10069500 15322
10069500 15741
10069500 15946
10069500 18519
10069500 19973
10069500 27791
10401500 12189
10401500 13258
10401500 18465
10401500 20979
10401500 22950
10401500 27791
10401500 28481
10774750 1577
10774750 18996
11874000 1282
11874000 4220
11874000 4510
11874000 10014
11874000 12220
11874000 12688
11874000 13844
11874000 18180
11874000 29203
1324500 2198
1324500 3228
1324500 4694
1324500 5336
1324500 6305
1324500 7868
1324500 10404
1324500 14482
1324500 22126
1324500 24869
1324500 27927
3981750 3228
3981750 5185
3981750 6520
3981750 19514
3981750 22280
3981750 23143
3981750 24196
3981750 26464
3981750 27791
452750 251
452750 834
452750 5799
452750 6672
452750 8628
452750 14020
452750 14796
452750 17013
452750 18491
452750 19973
452750 21865
452750 22547
452750 25488
47000 2999
47000 21336
47000 23549
47000 24172
6003750 530
6003750 2251
6003750 3804
6003750 3913
6003750 4694
6003750 4750
6003750 5053
6003750 5848
6003750 7737
6003750 7868
6003750 8792
6003750 10726
6003750 11679
6003750 12285
6003750 15414
6003750 16540
6003750 16944
6003750 21094
6003750 22749
6003750 23013
6003750 23480
6003750 23628
6003750 23782
6003750 29224
6754250 22529
7016500 23774
7016500 24193
7190750 27791
7320250 26728
7886000 9472
7886000 15934
7886000 21983
8033500 2471
8033500 6113
8033500 7061
8033500 12285
8033500 16939
8033500 28653
10261750 1222
10261750 3438
10261750 3804
10261750 6672
10261750 8278
10261750 8628
10261750 9111
10261750 12717
10261750 14261
10261750 14533
10261750 15645
10261750 16110
10261750 16331
10261750 17060
10261750 17061
10261750 18024
10261750 18805
10261750 19394
10261750 21657
10261750 23628
10261750 23928
10261750 26160
10261750 28270
10588000 5799
10588000 14020
10588000 15138
10790500 7105
11730000 5443
11730000 13390
11730000 21565
11972750 647
11972750 4846
11972750 7260
11972750 7936
11972750 14596
11972750 15631
11972750 16674
11972750 17972
11972750 21225
11972750 21693
1724000 24969
1724000 29099
2168250 4694
2168250 7868
2168250 13494
2870250 4003
2870250 5799
2870250 7096
2870250 14020
2870250 15096
2870250 17606
3795000 5086
3795000 12352
3795000 24969
3795000 29099
4902250 3804
4902250 4709
4902250 14360
4902250 19828
4902250 23628
5052000 4694
5052000 7868
6400000 2452
6400000 3313
6400000 3536
6400000 9567
6400000 15258
6400000 16110
6400000 20551
6400000 22280
6400000 24306
6400000 26737
6400000 28270
711500 4709
711500 11052
711500 14360
711500 17118
711500 26722
9437500 489
9437500 8637
9437500 15584
9437500 22280
9437500 24196
9437500 27205
10492250 3228
10492250 4949
10492250 11061
10492250 11196
10492250 12606
10492250 13737
10492250 15828
10492250 20045
10492250 24984
10492250 26464
10492250 28752
10609250 5598
10609250 7409
10609250 8693
10609250 20979
10609250 28164
10609250 28481
1074500 9567
1074500 12606
1074500 15828
1074500 16602
1074500 26737
154500 2198
154500 5863
154500 8689
154500 10353
154500 18805
154500 28164
1953250 2610
1953250 3658
1953250 5799
1953250 8313
1953250 12394
1953250 14020
1953250 14294
1953250 25289
2182750 19643
2182750 28184
2378500 2669
2378500 2963
2378500 3228
2378500 10014
2378500 12688
2378500 14020
2378500 14153
2378500 16722
2378500 17024
2378500 18937
2378500 19974
2378500 23774
2378500 26464
2378500 26619
2920750 7071
2920750 8669
2920750 9985
2920750 11864
2920750 12285
2920750 16302
2920750 16540
2920750 22359
2920750 23407
2920750 26699
2920750 27155
2920750 29490
3363000 9165
3363000 15315
3363000 18868
4004500 9165
4004500 13554
4004500 15315
4004500 18281
4004500 19686
4054000 9090
4054000 11304
4054000 24088
4133750 14451
4133750 20127
4133750 25372
4133750 27638
5187750 1481
5187750 5081
573000 9846
573000 16653
573000 18868
573000 19615
7103000 5574
7103000 7230
7103000 11080
7103000 12586
7103000 13737
7103000 15019
7103000 15423
7103000 21911
7269250 2729
7269250 8637
7269250 10895
7269250 20578
7269250 23295
7269250 24571
7269250 27791
7476250 1037
7476250 3719
7476250 4571
7476250 19973
7476250 23284
7476250 24907
7476250 24969
7476250 29099
848500 3804
848500 7286
848500 19891
848500 23628
9212500 14596
9794000 642
9794000 23214
9906500 155
9906500 5185
9906500 7105
9906500 8689
9906500 12394
9906500 14020
9906500 14294
9906500 18544
9906500 23656
9906500 28164
1140750 2251
1140750 4694
1140750 6741
1140750 7868
1140750 9111
1140750 12541
1140750 14261
1140750 15315
1140750 17823
1140750 18736
1140750 19421
1140750 19742
1140750 22313
1140750 23013
11564250 1831
11564250 6104
11564250 9140
11564250 9567
11564250 14969
11564250 25483
2200750 2610
2200750 2655
2200750 5799
2200750 12285
2200750 12674
2200750 14020
2200750 16540
2200750 18741
2200750 24506
2688750 155
2688750 7105
2688750 14873
2688750 19814
2688750 21094
2688750 22749
2688750 23019
5239500 2963
5239500 12285
5239500 14153
5239500 14360
5239500 16939
5491500 9472
5491500 14265
5491500 18024
5491500 20519
5491500 21092
5491500 23928
5491500 25212
5491500 26288
6766250 4307
6766250 6988
6766250 18805
6766250 27791
6766250 29547
6957500 2963
6957500 9111
6957500 12754
6957500 14020
6957500 14153
6957500 16376
6957500 16722
6957500 22029
6957500 23861
7657250 3228
7657250 7997
7657250 26464
7657250 29445
835000 1752
835000 5799
835000 5848
835000 7990
835000 8637
835000 11734
835000 14020
835000 14048
835000 16722
835000 17882
835000 19632
835000 25642
835000 27791
8702500 3390
8702500 4571
8702500 7105
8702500 8257
8702500 11196
8702500 16540
8702500 18217
8702500 23779
8702500 24780
8702500 27205
8702500 27618
8702500 29547
8949750 12977
8949750 16818
8949750 17438
9394500 5043
9394500 14533
9394500 15018
9394500 15258
9394500 16540
9394500 17060
9394500 18217
9394500 20661
9394500 23774
9394500 24969
9394500 29099
10322250 1880
10322250 3181
10322250 5185
10322250 7957
10322250 7989
10322250 10702
10322250 28967
11984750 251
11984750 3627
11984750 8628
11984750 28370
1815750 5067
2788750 3181
2788750 3804
2788750 4949
2788750 7096
2788750 8842
2788750 10702
2788750 11176
2788750 13776
2788750 23628
2788750 24907
3149000 9486
3149000 9804
3149000 10282
3723750 4078
3723750 5598
3723750 5799
3723750 6951
3723750 12271
3723750 14020
3723750 25372
4047000 7208
4047000 24306
4047000 27205
4047000 29446
5968250 16406
5968250 24969
5968250 29095
5968250 29099
6654750 9111
6654750 11679
6654750 14261
6654750 16110
7306250 22359
8145500 21883
8195000 4078
8195000 5185
8195000 6951
8195000 11080
8195000 18024
8195000 21672
8195000 21911
8195000 23928
8195000 25488
8195000 28410
9782500 6352
11552750 27791
11683250 12541
11683250 15315
11683250 24704
12371000 5264
12371000 8628
12371000 9111
12371000 11543
12371000 11776
12371000 12394
12371000 14294
12371000 16376
12371000 16624
12371000 21372
12371000 24541
12371000 25086
1699500 16716
1699500 24715
1758250 6571
1758250 12358
1758250 13554
1758250 26614
1758250 27791
1758250 28463
1758250 28481
5199750 679
5293250 679
5293250 4571
5293250 19973
5293250 20506
7034000 1392
7034000 13265
7163250 8689
7163250 9567
7163250 14265
7163250 17748
7163250 26737
7163250 28164
7435500 241
7435500 18024
7435500 23928
7435500 24886
7435500 27950
745750 3228
745750 4931
745750 24669
745750 24869
745750 26464
9436000 504
9436000 13554
9436000 24645
1104500 2683
1104500 14294
1104500 18678
200250 5086
200250 9620
200250 12052
200250 12352
266500 255
266500 9486
266500 9657
266500 10282
266500 18072
3266750 3228
3266750 7061
3266750 26464
3310750 3458
3310750 4949
3310750 11176
3310750 11543
3310750 14952
3310750 15432
3310750 23774
3310750 25086
3588500 530
3588500 3913
3588500 8637
3588500 11328
3588500 21336
3588500 23779
3588500 24306
3588500 27791
4376250 5660
4376250 8689
4376250 15631
4376250 18281
4376250 19993
4376250 21225
4376250 27407
4376250 28164
4533750 4324
4533750 10908
4533750 10970
4533750 14794
7003500 11196
7003500 27618
764750 2963
764750 14153
8230750 4949
8230750 11196
8230750 24841
8523250 7989
8523250 24669
8633500 5833
8633500 8148
8730250 530
8730250 911
8730250 3228
8730250 3913
8730250 4571
8730250 6672
8730250 8257
8730250 8278
8730250 11679
8730250 12068
8730250 14976
8730250 18024
8730250 19973
8730250 23928
8730250 26464
8730250 27205
8730250 28453
8730250 28653
8730250 28876
8730250 29224
8799750 679
8799750 4571
8799750 9111
8799750 12018
8799750 13592
8799750 14261
8799750 18024
8799750 19973
8799750 20826
8799750 23928
9039750 3228
9039750 11196
9039750 14580
9039750 26464
9039750 27618
9199500 24969
9199500 29099
9982500 542
3573750 4949
3573750 11176
3573750 15831
3573750 25260
4392000 2610
4423500 4147
4423500 9111
4423500 16376
4423500 24193
4680000 12438
4680000 16463
5155750 2999
5155750 12068
5155750 12285
5155750 13737
5155750 15018
5155750 18024
5155750 18805
5155750 23928
5155750 24669
5238000 527
5238000 2683
5238000 9620
5238000 12052
5238000 15018
5238000 15138
5238000 21833
5440500 11080
5440500 21911
5440500 26000
5655250 911
5655250 3228
5655250 11196
5655250 12541
5655250 14048
5655250 15645
5655250 16500
5655250 26464
5655250 27618
7892000 911
7892000 8278
7892000 8489
7892000 16913
7892000 25366
832250 5053
832250 18024
832250 19514
832250 22963
832250 23143
832250 23782
832250 23928
832250 27791
8529750 12285
8529750 16939
8529750 22583
8529750 23013
8529750 28059
8940500 251
8940500 398
8940500 2655
8940500 4571
8940500 8628
8940500 11080
8940500 11330
8940500 13784
8940500 15946
8940500 19973
8940500 21911
8940500 23928
8940500 25917
9972250 7963
9972250 15138
10592750 3804
10592750 13776
10592750 15934
10592750 19973
10592750 21983
10966250 251
10966250 4949
10966250 8628
10966250 8689
10966250 11196
10966250 14482
10966250 20456
10966250 24869
10966250 28164
2331750 953
2331750 5264
2331750 7179
2331750 9458
2331750 10584
2331750 11201
2331750 17214
2331750 18805
2331750 20626
2331750 22126
2331750 22484
2331750 24969
2331750 29099
3592750 14694
3592750 16903
3675000 1565
3675000 7297
3675000 9563
3675000 10232
3675000 11635
3675000 14020
3675000 16722
3675000 20338
3751500 3719
3751500 10193
3751500 20300
3751500 23284
3751500 28411
5336750 679
5336750 5043
5336750 6096
5336750 12068
5336750 13494
5336750 20146
5336750 24669
5467250 8763
8435250 7105
8435250 8628
8435250 9111
8435250 11080
8435250 11612
8435250 11679
8435250 14261
8435250 16110
8435250 16540
8435250 18217
8435250 18730
8435250 21067
8435250 21911
8435250 26288
8435250 29224
9121750 2683
9121750 4571
9121750 4694
9121750 5799
9121750 7868
9121750 15946
9121750 18805
9121750 19973
9121750 19974
9121750 25733
9121750 26619
9121750 29490
9946250 17013
9946250 21865
9946250 26619
11632250 19394
11632250 25022
1247000 20548
1247000 24306
1247000 25635
2350750 23779
2882750 4452
2882750 11330
2882750 26614
2882750 29225
2968250 1831
2968250 5367
2968250 7576
2968250 8637
2968250 9567
2968250 12438
2968250 16463
2968250 18758
2968250 18805
2968250 22113
2968250 27625
2968250 27791
2968250 28985
5226500 3627
5226500 4694
5226500 7868
5226500 23829
5226500 28370
5320000 3228
5320000 26464
776750 2128
776750 2963
776750 3228
776750 9991
776750 11612
776750 14153
776750 14182
776750 18024
776750 18388
776750 18730
776750 22043
776750 22359
776750 22529
776750 26464
776750 26699
776750 27155
10212500 11000
10212500 12927
10212500 24081
10212500 24788
1025250 13247
1025250 25349
2033500 3627
2033500 4949
2033500 5086
2033500 8689
2033500 11176
2033500 11196
2033500 11465
2033500 11679
2033500 12352
2033500 16110
2033500 28164
2033500 28270
2033500 28370
4118250 5185
472000 2963
472000 3515
472000 6211
472000 21565
472000 23584
472000 25333
4809000 1461
4809000 9193
4809000 27637
4886500 17640
4886500 18805
4886500 22529
5248750 8483
5248750 27035
5248750 28924
7854500 527
7854500 530
7854500 646
7854500 3913
7854500 4571
7854500 4949
7854500 6672
7854500 7323
7854500 7552
7854500 8278
7854500 11080
7854500 11196
7854500 12285
7854500 12977
7854500 14902
7854500 16406
7854500 16540
7854500 19217
7854500 19973
7854500 21110
7854500 21911
8216750 24281
10443000 1392
10443000 3804
10443000 10570
10443000 13265
10443000 14482
10443000 19466
10443000 23628
10443000 24869
10653250 11196
10653250 18891
10653250 20180
10653250 21392
10653250 29203
11078500 9275
11078500 18024
11078500 23928
11625250 3740
11625250 11864
11625250 18990
11625250 21628
11625250 28017
11947000 1758
11947000 1880
11947000 2626
11947000 6505
11947000 8719
11947000 9522
11947000 11080
11947000 12162
11947000 13103
11947000 15233
11947000 16865
11947000 17959
11947000 21911
11947000 23482
11947000 28967
4454500 4059
4454500 7230
4454500 15019
4454500 26699
4454500 27117
4454500 28184
5264500 8338
5264500 27791
6458250 7692
6458250 22280
6458250 24196
6458250 27205
7600250 3228
7600250 4931
7600250 4949
7600250 11176
7600250 24869
7600250 26464
7715000 11790
7715000 19394
7715000 24978
7797000 11196
7797000 13554
7797000 27618
892500 239
892500 2669
892500 12688
892500 17180
892500 18741
892500 18805
892500 23403
10818500 5334
10818500 23779
1173500 398
1173500 4931
1173500 5848
1173500 6757
1173500 7606
1173500 8049
1173500 8257
1173500 15661
1173500 16722
1173500 20037
1173500 20143
1173500 23928
1173500 24869
1173500 27205
12204750 7963
12204750 13554
1338750 845
1338750 9620
1338750 12052
1338750 12586
1338750 13554
2076000 24886
2448250 949
2448250 12068
2448250 12541
2448250 15315
2448250 21632
2448250 24669
2891500 255
2891500 819
2891500 2257
2891500 3627
2891500 4949
2891500 5845
2891500 7467
2891500 8027
2891500 8724
2891500 11176
2891500 11196
2891500 14580
2891500 17823
2891500 28347
2891500 28370
2940000 2683
2940000 11052
2940000 11543
2940000 11767
2940000 12168
2940000 12220
2940000 14580
2940000 15831
2940000 24486
2940000 25086
2940000 25260
2940000 26722
4059500 12438
4059500 16463
4153000 5043
4153000 9111
4153000 9567
4153000 11196
4153000 16376
4153000 17013
4153000 17835
4153000 18075
4153000 18996
4153000 21865
4153000 21883
4153000 22621
4153000 26523
4153000 26737
415500 554
415500 7542
415500 15405
415500 15584
4895250 1335
4895250 7248
4895250 11638
4895250 12068
4895250 15423
4895250 16624
4895250 21067
4895250 23779
4895250 24541
4895250 26308
4895250 26546
5899750 11612
5899750 12220
5899750 18730
5899750 21672
5899750 25488
7976750 3228
7976750 14969
7976750 19813
7976750 25483
7976750 26464
8049000 5067
8049000 14821
8049000 20979
8049000 21094
8049000 22749
8049000 28481
8628250 12358
8628250 20979
8628250 21632
8628250 28481
8628250 29465
10756500 17706
10756500 18996
1118250 3068
1118250 4949
1118250 6672
1118250 7061
1118250 8278
1118250 8637
1118250 10970
1118250 11176
1118250 13494
1118250 14294
1118250 14794
1118250 15584
1118250 19258
1118250 22529
1118250 24306
1118250 25488
1118250 26665
1118250 27346
12016750 2042
12016750 7061
12016750 7248
12016750 8637
12016750 15584
12016750 18741
12016750 22321
12016750 22529
12016750 24306
12016750 28653
1244250 1691
1244250 4324
1767500 7409
1767500 20180
1767500 27977
1767500 28164
2386250 948
2386250 1008
2386250 7061
2386250 22529
2752000 3032
2752000 3313
2752000 11679
2752000 12243
2752000 15315
2752000 22179
2752000 26728
2752000 29224
439000 647
439000 2198
439000 3228
439000 3362
439000 3390
439000 4694
439000 6104
439000 7868
439000 12287
439000 16821
439000 24060
439000 25415
439000 26404
439000 26464
5962750 2683
5962750 3228
5962750 5803
5962750 7105
5962750 9563
5962750 11080
5962750 15946
5962750 16800
5962750 17706
5962750 21911
5962750 24172
5962750 26464
5962750 27446
7143250 217
7143250 3181
7143250 7360
7143250 7613
7143250 8628
7143250 10404
7143250 10702
7143250 12865
7143250 13784
7143250 14873
7143250 15799
7143250 22087
7143250 22113
7143250 24281
7143250 28985
7143250 29203
9079500 4694
9079500 7868
9079500 11022
9079500 15741
9079500 19974
9079500 25669
9079500 27205
9123500 2610
9123500 4324
9123500 7061
9123500 12168
9123500 14694
9123500 15138
9123500 18678
9123500 20846
9123500 22529
969750 2367
969750 2963
969750 5799
969750 14020
969750 16396
969750 17823
10539250 1461
10539250 5799
10539250 14020
10539250 27637
11137750 4931
11137750 12068
11137750 19891
11137750 24669
11137750 24869
1911500 11612
1911500 18730
1911500 22547
4259500 3804
4259500 4949
4259500 9111
4259500 9165
4259500 11176
4259500 12541
4259500 15315
4259500 16376
4259500 23628
4259500 24969
4259500 29099
4547500 8257
4547500 27205
5037000 4571
5037000 4694
5037000 7868
5037000 11196
5037000 12068
5037000 14796
5037000 19973
5037000 21067
5037000 21140
5037000 27618
5037000 27791
5279750 2368
5279750 3228
5279750 20386
5279750 26464
5726500 1565
5726500 17244
746000 155
746000 3032
746000 7105
746000 7613
746000 13554
746000 17013
746000 21865
8163500 18868
8163500 21865
8163500 22621
8163500 26959
8163500 28438
8215250 25372
9179500 11196
9179500 12220
9179500 17214
9179500 17835
9179500 22484
9179500 27618
9179500 27637
9352750 6548
9352750 11196
9352750 17133
9352750 18075
9352750 28759
9807250 4694
9807250 6096
9807250 7868
9807250 18905
9807250 26699
9839750 18167
10972250 13672
10972250 23779
11158000 239
11158000 530
11158000 4694
11158000 6543
11158000 7868
11158000 8637
11158000 9620
11158000 21657
11158000 21930
11158000 25169
11158000 27791
11158000 28876
11494250 11196
11494250 27618
11734000 22113
11734000 23774
11734000 28985
11782250 7127
11782250 18002
2088000 2198
2088000 3228
2088000 7230
2088000 10949
2088000 13020
2088000 13247
2088000 15019
2088000 18180
2088000 19540
2088000 21883
2088000 25349
2088000 26614
3396250 12285
3396250 15138
3396250 16939
3846250 8637
3846250 8719
3846250 11679
3846250 11882
3846250 14020
3846250 15584
3846250 16722
3846250 19514
3846250 23143
3846250 29224
4115500 6731
4115500 26619
4370750 1666
4370750 3804
4370750 4078
4370750 6951
4370750 23628
65500 2452
65500 3536
65500 4807
65500 5443
65500 5814
65500 6152
65500 13784
65500 24196
65500 29202
8072250 646
8072250 749
8072250 1392
8072250 5799
8072250 6098
8072250 11196
8072250 12977
8072250 13265
8072250 14020
8072250 14894
8072250 19514
8072250 23143
8072250 27618
1492500 8637
1492500 11679
1492500 24886
1492500 27791
1492500 29224
1528500 646
1528500 1505
1528500 5667
1528500 5799
1528500 7248
1528500 10133
1528500 12977
1528500 18466
1528500 18736
1528500 21092
1528500 21094
1528500 22280
1528500 22749
1528500 23774
1528500 24196
1528500 28370
1792000 6203
1792000 16540
1792000 18217
1792000 23214
2316250 4220
2316250 9657
2316250 9688
2316250 10948
2316250 18072
2316250 18167
2316250 18180
2316250 20519
2316250 23774
2316250 26288
2316250 26546
2316250 28270
3317500 1917
3317500 3032
3317500 7105
3317500 22577
3317500 25366
3317500 27514
417250 12068
417250 15946
4378500 11857
4378500 16100
4503500 24193
4876750 949
4876750 21632
6126750 6543
6126750 7230
6126750 15019
6126750 25117
6126750 25169
7184500 2159
7184500 4694
7184500 6352
7184500 7868
7184500 10193
7184500 12285
7184500 16939
7184500 26614
7184500 27791
7184500 28411
7184500 28463
8156500 2198
8156500 3228
8156500 4078
8156500 6951
8156500 7105
8156500 8842
8156500 9620
8156500 12052
8156500 16420
8156500 19974
8156500 26619
8528750 9165
8528750 15315
8528750 16913
8528750 27791
9586500 414
9586500 8860
9586500 13451
9586500 17401
9586500 24601
11114000 25372
140500 3627
140500 11612
140500 14625
140500 18730
140500 23779
140500 28370
2364500 17013
2364500 21865
3014750 4694
3014750 7868
3096750 9165
3096750 15315
3511000 5799
3511000 13020
3511000 14020
4782250 9658
4782250 10193
4782250 10778
4782250 15359
4782250 23928
4782250 27791
4782250 28411
5170500 5799
5170500 6096
5170500 14020
5170500 18805
5170500 19973
5170500 21672
5170500 25488
6233750 3458
6233750 4220
6233750 10014
6233750 10584
6233750 10948
6233750 12688
6233750 18167
6233750 18180
6233750 26619
6848000 646
6848000 12977
6848000 13451
6848000 24601
6848000 26619
8017000 3719
8017000 13592
8017000 15096
8017000 22280
8017000 23284
8017000 24196
8353250 3438
8353250 4302
8353250 12285
8353250 12717
8353250 16331
8353250 16540
8353250 27205
9076750 7957
9076750 14265
9076750 17748
9979000 251
9979000 5264
9979000 6096
9979000 8628
9979000 20661
11131750 4039
11131750 8692
11794250 24969
11794250 29099
3148500 155
3148500 7105
3148500 9458
3148500 12795
3148500 14894
3148500 16110
3148500 16217
3148500 19258
3148500 22126
3148500 27346
3148500 28270
3326250 614
3326250 9479
3326250 10866
3326250 20154
3326250 24306
3326250 24459
3326250 27389
3404000 29
3404000 905
3404000 3627
3404000 6246
3404000 8446
3404000 15911
3404000 18273
3404000 22246
3404000 27791
3404000 28370
4625750 530
4625750 3151
4625750 3913
4625750 4931
4625750 10840
4625750 11734
4625750 14482
4625750 17882
4625750 21094
4625750 22321
4625750 22749
4625750 24869
4625750 25366
4625750 26000
4625750 27946
5110750 7096
5110750 12865
5110750 18167
5110750 23019
6301250 360
6301250 574
6301250 1031
6301250 8226
6301250 8637
6301250 8689
6301250 11330
6301250 11543
6301250 12271
6301250 18996
6301250 25917
6301250 27791
6301250 28164
6380000 24459
691500 239
691500 834
691500 12364
691500 14498
691500 16302
691500 19974
691500 20661
691500 22547
691500 22664
691500 23013
691500 26619
691500 29445
8160750 15308
8160750 18529
8327250 15315
8822250 2669
9513250 398
9513250 9195
9513250 18024
9513250 23861
9513250 23928
9671750 11052
9671750 26722
11558000 749
11558000 12674
1838750 12977
1838750 16818
2198750 5429
2198750 13054
2198750 16550
2198750 18024
2198750 23928
267250 679
267250 2367
267250 4808
267250 5053
267250 10690
267250 11679
267250 16396
267250 20297
267250 23782
267250 29224
2807500 1010
2807500 1015
2807500 3817
2807500 10014
2807500 12688
2807500 14226
2807500 18024
2807500 18741
2807500 19379
2807500 23928
2807500 27117
2823250 2610
2823250 25329
299750 4931
299750 11080
299750 13451
299750 21911
299750 24601
299750 24869
3009000 2033
3009000 3677
3009000 5627
3009000 7230
3009000 8724
3009000 15019
3009000 19014
3009000 22393
3009000 27117
3009000 28347
3009000 28411
393250 519
393250 4949
393250 11196
5828250 9031
6807250 3677
6807250 13394
6807250 22393
6807250 25372
6807250 27791
7211250 7061
7211250 18544
7211250 22529
7211250 23656
7568750 1831
7568750 9567
7568750 12285
7568750 16540
791500 3627
791500 4808
791500 8738
791500 10329
791500 14712
791500 16606
791500 20297
791500 24831
791500 28370
8346250 12285
8346250 16939
8909750 16110
8909750 24054
8909750 28270
11121500 8530
11121500 13049
11121500 13451
11121500 15799
11121500 18024
11121500 23928
11121500 24601
11129250 949
11129250 11080
11129250 21632
11129250 21911
11527500 27791
1365000 13737
1365000 14580
1365000 22280
1688750 7248
1688750 12220
2103250 4220
2103250 7567
2103250 7936
2103250 11022
2103250 12394
2103250 13592
2103250 13737
2103250 14294
2103250 14902
2103250 16406
2103250 18180
2103250 20661
2103250 21336
2103250 22280
2103250 23549
2103250 24196
2103250 28924
3684750 9782
3684750 12438
3684750 16463
3684750 16754
3799500 21768
448250 15911
4631250 13103
4631250 15934
4631250 21983
4631250 24969
4631250 29099
4712250 18388
4712250 20902
5522250 4479
5522250 9165
5522250 15315
5957500 24966
650750 18202
6904000 9111
6904000 16376
6904000 23774
731750 7692
731750 9195
731750 11196
731750 15924
731750 27205
731750 27618
9215000 14294
11352000 7096
12331000 4220
12331000 7542
12331000 11330
12331000 18180
12331000 21758
12331000 26614
1622500 5799
1622500 8148
1622500 12285
1622500 14020
1622500 16540
1622500 19179
1622500 22027
1710500 14780
1710500 28065
2232500 251
2232500 679
2232500 9111
2232500 14261
2232500 22280
2232500 24929
252500 14011
252500 15089
252500 18544
252500 18805
252500 23656
252500 23861
252500 25618
3010000 4220
3010000 13975
3010000 18180
4317250 8338
4317250 12754
4317250 22029
4475750 2227
4475750 3719
4475750 4949
4475750 8689
4475750 9111
4475750 11196
4475750 12068
4475750 13592
4475750 14486
4475750 18024
4475750 18805
4475750 20536
4475750 20551
4475750 22043
4475750 22280
4475750 23774
4475750 23928
4475750 28164
5078750 360
5078750 554
5078750 1031
5078750 3804
5078750 4949
5078750 5310
5078750 7096
5078750 7260
5078750 7465
5078750 7576
5078750 8483
5078750 9111
5078750 9549
5078750 10329
5078750 11196
5078750 13592
5078750 14596
5078750 15405
5078750 16376
5078750 17959
5078750 18990
5078750 19974
5078750 21657
5078750 23628
5078750 25329
5078750 25669
5078750 27625
5910250 28525
621500 504
621500 2683
621500 6326
621500 19973
621500 24969
621500 29099
6264750 1415
6266000 23774
6921750 2367
6921750 16396
6921750 19197
7445000 11196
7445000 12438
7445000 16463
7445000 18075
8910750 5598
8910750 10948
8910750 11330
8910750 12688
8910750 18167
8910750 22280
8910750 24929
8910750 26614
8910750 27514
8910750 29078
9651250 1598
9651250 5639
9685000 5403
9685000 17094
9716500 26546
9716500 28065
9842500 7380
9842500 10908
9842500 11543
9842500 18805
9842500 21995
9842500 25086
10642000 251
10642000 3627
10642000 4949
10642000 5053
10642000 7105
10642000 7567
10642000 7576
10642000 8628
10642000 9782
10642000 11176
10642000 16754
10642000 20536
10642000 21334
10642000 23782
10642000 26728
10642000 27625
10642000 28370
10642000 28924
1114000 16463
1194750 83
1194750 679
1194750 3068
1194750 3627
1194750 4059
1194750 6543
1194750 7400
1194750 8637
1194750 12068
1194750 20551
1194750 21092
1194750 22280
1194750 24669
1194750 25169
1194750 25366
1194750 27791
1194750 28370
1531250 4078
1531250 6951
1531250 22179
1782250 155
1782250 2568
1782250 7105
1782250 12795
1782250 14415
1782250 18024
1782250 23928
1782250 24669
190500 18805
190500 28985
2704750 3658
2704750 5764
2704750 13592
3304500 903
3304500 3592
3304500 3804
3304500 4324
3304500 4931
3304500 5081
3304500 6158
3304500 6543
3304500 11631
3304500 13554
3304500 13776
3304500 16540
3304500 17228
3304500 17512
3304500 18086
3304500 18217
3304500 22269
3304500 24461
3304500 24969
3304500 25169
3304500 26634
3304500 29099
5256500 614
5256500 3775
5256500 20679
5256500 27389
567250 949
567250 2367
567250 4694
567250 7105
567250 7354
567250 7868
567250 9846
567250 15946
567250 19615
567250 21632
567250 24616
567250 27791
5751500 398
5751500 646
5751500 1392
5751500 2033
5751500 4931
5751500 5268
5751500 5336
5751500 11679
5751500 12977
5751500 13265
5751500 14873
5751500 19973
5751500 23928
5751500 24869
5751500 29224
599750 530
599750 3913
599750 4808
599750 9657
599750 12285
599750 16540
599750 18072
599750 18990
599750 20297
6571750 155
6571750 7105
6571750 9193
6571750 16540
6571750 18217
6571750 24306
887750 7230
887750 15019
887750 15934
887750 16110
887750 17237
887750 21983
887750 28270
965500 23774
965500 24306
10533750 3032
10533750 9111
10533750 13451
10533750 14261
10533750 19258
10533750 19974
10533750 24601
10533750 26000
10533750 26619
10533750 27346
1165500 15423
1181250 3719
1181250 7465
1181250 21094
1181250 22749
1181250 23284
1181250 27205
12275500 239
12275500 5429
12275500 9563
12275500 21930
2480750 15249
2480750 20979
2480750 28481
3742000 2669
3742000 5336
3742000 13020
3742000 14482
3742000 18544
3742000 23656
3742000 24869
3742000 26168
8243500 949
8243500 4479
8243500 4931
8243500 4949
8243500 11196
8243500 11776
8243500 14048
8243500 17823
8243500 18075
8243500 21632
8243500 24461
8243500 24869
8243500 24969
8243500 27618
8243500 29099
8324500 5799
8324500 9657
8324500 14020
8324500 18072
8324500 18741
8324500 20751
9351750 5043
9351750 11080
9351750 14580
9351750 21911
984500 2513
984500 7179
984500 11612
984500 18730
984500 22113
984500 27791
984500 28985
10264750 29203
11440500 1803
11440500 2179
11440500 7936
11440500 8637
11440500 13554
11440500 15584
11440500 16540
11440500 18217
11440500 26576
1189000 3804
1189000 6548
1189000 7762
1189000 12977
1189000 16361
1189000 16818
1189000 23612
1189000 23628
1189000 27615
11896000 12068
11896000 22547
1806750 13067
1806750 26394
19500 5086
19500 7096
19500 7868
19500 14048
19500 16406
19500 19421
19500 20551
19500 22280
19500 27927
2050000 3181
2050000 5620
2050000 10702
2050000 11022
2050000 12329
2050000 26866
232000 4694
232000 7105
232000 7868
232000 17013
232000 21865
2988000 6548
2988000 12606
2988000 15828
2988000 17133
2988000 22482
3216500 2963
3216500 20661
3216500 28992
3719250 4960
5139250 7989
5139250 11080
5139250 11328
5139250 15089
5139250 17959
5139250 21336
5139250 21911
6852750 4949
6852750 11196
6852750 12285
6852750 16540
6852750 16939
6852750 27205
764000 18990
8314250 11196
8314250 27618
11949750 2198
11949750 3228
11949750 5403
11949750 10353
11949750 13554
12234750 949
12234750 4510
12234750 9458
12234750 10014
12234750 10893
12234750 11330
12234750 14930
12234750 21632
12234750 22126
12234750 25372
12234750 26614
12234750 29465
12239250 12271
12239250 18024
12239250 20519
12239250 26288
3288250 4750
3288250 5592
3288250 9111
3288250 19394
3977750 1461
3977750 13975
3977750 17060
3977750 27637
4921000 360
4921000 1031
4921000 3032
4921000 14048
4921000 19974
4921000 21336
4921000 23549
4921000 26619
5024500 646
5024500 1325
5024500 1546
5024500 7061
5024500 9802
5024500 9991
5024500 12977
5024500 14265
5024500 15138
5024500 17748
5024500 23861
5812000 2683
5812000 4039
5812000 8692
5812000 15631
5812000 19993
5812000 20506
6172000 24669
6172000 24704
6713250 1758
6713250 2367
6713250 5185
6713250 7576
6713250 9111
6713250 14261
6713250 16396
6713250 16624
6713250 17177
6713250 18805
6713250 18879
6713250 24344
6713250 24541
6713250 27625
7361250 16624
7361250 24541
7361250 28410
7921500 4411
7921500 15534
7921500 16818
7921500 22556
7921500 22583
7921500 23612
7921500 28087
9394250 3228
9394250 14894
9394250 17060
9394250 26464
9394250 28899
9394250 29203
10592000 1335
10592000 19973
10592000 19974
11307500 5264
11307500 12068
11307500 14486
11307500 18167
11307500 20300
11307500 22359
11307500 23284
12384250 3658
2253250 360
2253250 527
2253250 1031
2253250 28975
4189500 9165
4189500 24869
4399750 23207
5915250 2367
5915250 15138
5915250 16396
6234000 1107
6234000 4220
6234000 4571
6234000 12438
6234000 16463
6234000 17020
6234000 18051
6234000 18180
6234000 19973
6234000 21372
6683750 5267
6683750 11882
6683750 26000
6683750 29203
7830250 554
7830250 15405
7830250 17237
8096750 3804
8096750 5267
8096750 21672
8096750 23628
8096750 24887
8096750 25488
10000250 17153
10000250 19974
10000250 26619
10566000 3854
10566000 4694
10566000 7868
10598500 155
10598500 7105
10598500 9563
10598500 11776
10598500 29099
10773000 646
10773000 2179
10773000 2257
10773000 2999
10773000 8724
10773000 9486
10773000 9846
10773000 10133
10773000 10282
10773000 12977
10773000 18736
10773000 19615
10773000 20608
10773000 28347
11711250 1392
11711250 6175
11711250 10866
11711250 13265
11711250 20617
11711250 21338
11711250 23861
11711250 24942
12229000 12588
12229000 17389
1617250 1505
1617250 3719
1617250 5598
1617250 5667
1617250 7061
1617250 11951
1617250 14226
1617250 18002
1617250 22529
1617250 23284
1617250 23774
1617250 26614
1617250 27791
1617250 28463
4257000 7576
4257000 11196
4257000 27618
4257000 27625
4304250 679
4304250 4694
4304250 7105
4304250 7868
4304250 14902
4304250 16406
4304250 16846
4304250 22280
4304250 24601
4304250 24929
4658500 1325
4658500 7576
4658500 10948
4658500 11196
4658500 11330
4658500 12606
4658500 15828
4658500 15946
4658500 16463
4658500 17453
4658500 18075
4658500 18167
4658500 25917
4658500 26614
4658500 27625
6497000 20747
6780500 4571
6780500 10893
6780500 14930
6780500 19973
6780500 24969
6780500 29099
8111500 527
8111500 5660
10297000 11196
10297000 18075
10297000 25058
10297000 27056
10713250 360
10713250 1031
11313000 7456
11313000 11196
11313000 17013
11313000 21865
11313000 27406
11313000 27618
11313000 27791
12004000 1548
12004000 5081
12004000 7680
12004000 12438
12004000 15307
12004000 16463
12377250 2729
12377250 3151
12377250 4411
12377250 5799
12377250 8689
12377250 11196
12377250 14020
12377250 15741
12377250 18075
12377250 18736
12377250 20578
12377250 22313
12377250 22556
12377250 27946
12377250 28164
1724250 3228
1724250 15269
1724250 23198
1724250 26464
4035250 8630
4035250 11159
4035250 17094
4193750 21657
4193750 23779
5539250 155
5539250 4694
5539250 7105
5539250 7868
5539250 8689
5539250 11196
5539250 18075
5539250 28164
5697750 476
5697750 2367
5697750 16396
5697750 27791
6272000 2803
6272000 12055
6272000 17400
6998500 360
6998500 1031
7116750 10308
7116750 12541
7116750 14930
7116750 15315
7116750 27637
7323750 3458
7323750 11196
7323750 27618
8617500 4571
8617500 7576
8617500 11280
8617500 16110
8617500 19973
8617500 26619
8617500 27625
8617500 28270
10234000 3719
10234000 4039
10234000 5799
10234000 7230
10234000 8692
10234000 9111
10234000 10970
10234000 11543
10234000 13592
10234000 14020
10234000 14261
10234000 14794
10234000 15019
10234000 16376
10234000 24409
10234000 25086
10234000 28653
10234000 28975
1074750 527
1074750 647
1074750 3699
1074750 4411
1074750 10171
1074750 11080
1074750 11904
1074750 12168
1074750 12220
1074750 12285
1074750 12747
1074750 14580
1074750 16540
1074750 17013
1074750 21865
1074750 21911
1074750 22556
10976250 11679
10976250 12285
10976250 14482
10976250 14661
10976250 16540
10976250 24869
10976250 29224
11283500 12220
11283500 12438
11283500 16463
1727500 3228
1727500 4452
1727500 7812
1727500 9563
1727500 26464
1727500 28669
3282250 11857
3282250 24969
3282250 27638
3282250 29099
528250 155
528250 646
528250 2963
528250 7096
528250 7105
528250 8693
528250 12977
5846250 1831
5846250 9567
5846250 18200
69500 1917
69500 6352
69500 9165
69500 11612
69500 15315
69500 18730
69500 18937
7218000 3181
7218000 7096
7218000 10702
7218000 11201
7218000 12068
7218000 15859
7218000 19974
7218000 21936
7218000 22317
7218000 24669
7588000 7105
7588000 10329
7588000 18937
7588000 28653
7588000 28975
8555500 1282
8555500 4220
8555500 4738
8555500 5598
8555500 7762
8555500 10741
8555500 12688
8555500 13844
8555500 18180
8555500 19379
8555500 25372
8555500 26614
8555500 27615
8555500 29078
10578000 26523
11220500 12285
11220500 16540
11590500 17512
11590500 18741
1629250 11196
1629250 13451
1629250 18024
1629250 19891
1629250 21392
1629250 23928
1629250 24196
1629250 24601
1629250 24969
1629250 29099
2187500 3804
2187500 6158
2187500 23628
2187500 27394
2187500 29203
3625250 4220
3625250 5625
3625250 11330
3625250 11524
3625250 18180
3625250 21372
3625250 26614
3861500 4694
3861500 7354
3861500 7868
3861500 20470
3913250 5799
3913250 5845
3913250 8409
3913250 8689
3913250 9230
3913250 9242
3913250 9948
3913250 12220
3913250 14020
3913250 28164
4073250 12271
4073250 17153
4073250 27415
6099250 11823
6099250 13244
620500 4571
620500 6352
620500 12865
620500 19973
8123500 1591
10628500 239
10628500 398
10628500 2476
10628500 4039
10628500 4807
10628500 4808
10628500 4931
10628500 5652
10628500 6520
10628500 7045
10628500 8483
10628500 8692
10628500 9657
10628500 10133
10628500 11196
10628500 11328
10628500 12285
10628500 12438
10628500 13784
10628500 14294
10628500 14486
10628500 16463
10628500 16540
10628500 17094
10628500 17177
10628500 18075
10628500 18736
10628500 19632
10628500 20297
10628500 20386
10628500 20608
10628500 20751
10628500 21336
10628500 21930
10628500 22313
10628500 23549
10628500 23928
10628500 24869
10628500 26619
10628500 27035
10628500 27117
10628500 27791
10628500 28985
11535250 2257
11535250 12438
11535250 16463
12061000 5264
12061000 12438
12061000 16463
12417500 3438
12417500 7061
12417500 7208
12417500 7963
12417500 7989
12417500 8689
12417500 11864
12417500 12717
12417500 13451
12417500 15138
12417500 15831
12417500 16406
12417500 16846
12417500 16913
12417500 17959
12417500 18024
12417500 22529
12417500 23928
12417500 24601
12417500 24969
12417500 28164
12417500 29095
12417500 29099
309750 15365
309750 20902
3644250 4381
3644250 4775
3644250 7127
3644250 16406
3644250 18843
3644250 29095
3644250 29473
5011500 11196
5011500 20180
5011500 22280
5011500 23013
5011500 23779
5011500 24196
5011500 27618
5226250 8669
5226250 8689
5226250 10726
5226250 12068
5226250 15907
5226250 17013
5226250 21865
5226250 24669
5226250 28164
5999000 5081
5999000 10908
5999000 14265
5999000 26523
6412250 7260
6412250 14596
6700250 7957
6897000 25618
725000 17835
725000 20902
854250 4571
854250 9881
854250 19973
1086750 1084
1086750 4694
1086750 7868
1086750 18977
11169500 953
11169500 2198
11169500 3228
11169500 4220
11169500 10014
11169500 12688
11169500 18180
11169500 19217
11169500 21110
11957000 646
11957000 12977
11957000 16818
11957000 17060
11957000 17242
11957000 21995
11957000 23907
3249250 2513
3249250 13067
3249250 26394
3249250 27791
4063000 19974
4063000 26619
4967250 4694
4967250 6101
4967250 7868
4967250 12431
4967250 17642
5693000 2655
6751750 3068
6751750 16243
7322250 23861
9512750 4239
9512750 11080
9512750 21911
9512750 23779
9512750 27205
9512750 28135
9802000 5883
9802000 13451
9802000 24601
11601500 11080
11601500 12220
11601500 21911
3344750 2042
3344750 3313
3344750 4452
3344750 5310
3344750 7542
3344750 11022
3344750 11330
3344750 14265
3344750 17748
3344750 18290
3344750 24196
3344750 26614
3344750 28177
3344750 28463
3954500 8637
3954500 15584
4195500 1546
4195500 5053
4195500 7737
4195500 7868
4195500 9165
4195500 9802
4195500 12285
4195500 15315
4195500 16540
4195500 18097
4195500 18905
4195500 20456
4195500 21225
4195500 26546
4195500 27407
425500 12285
425500 16540
4852500 911
4852500 5848
4852500 7542
4852500 8278
4852500 10151
4852500 11665
4852500 16500
4852500 16624
4852500 16722
4852500 20519
4852500 24541
4852500 26288
5261000 1591
5261000 11000
5261000 13592
5261000 15308
5261000 18529
5261000 21581
5261000 24788
6150750 15831
6150750 18185
6150750 26523
6155250 4059
6155250 4220
6155250 5799
6155250 7850
6155250 14020
6155250 15661
6155250 18180
6155250 29203
7375000 11201
7375000 11857
8216500 6148
8216500 12358
8216500 14159
8216500 22552
8216500 22916
8216500 24306
8216500 25329
8216500 27791
8216500 28481
8845250 398
8845250 554
8845250 4039
8845250 5799
8845250 8692
8845250 10133
8845250 11826
8845250 12008
8845250 13070
8845250 14020
8845250 15405
8845250 16722
8845250 17214
8845250 18736
8845250 22484
8845250 23928
8845250 28653
9694750 14550
9694750 15383
11300000 2963
11579750 12688
11579750 17180
11701500 18805
1579250 4078
1579250 4953
1579250 5336
1579250 6951
1579250 7105
1579250 13737
1579250 21160
1579250 22280
1793250 2033
1793250 21067
2797750 3658
2797750 16110
2797750 28270
282500 2683
282500 7354
282500 12055
3895750 12933
4907500 251
4907500 5043
4907500 5086
4907500 11196
4907500 16406
4907500 24196
4907500 27618
5440750 2963
5440750 16243
5440750 19862
5440750 20045
7810250 8637
7810250 27791
8280500 19
8280500 16674
8280500 17972
8573000 6158
8573000 19828
8573000 28049
861750 3719
861750 5660
861750 23284
861750 27791
9055750 11201
1063000 530
1063000 3913
1063000 7230
1063000 12358
1063000 15019
1063000 20551
1063000 21094
1063000 22280
1063000 22749
1063000 24196
1063000 24929
1063000 28481
11225500 4931
11225500 5264
11225500 12438
11225500 13020
11225500 16463
11225500 23342
11225500 24869
1561250 5086
1561250 7096
1561250 9111
1561250 12352
1561250 14261
1561250 17706
2975500 2963
2975500 5086
2975500 12352
2975500 12680
2975500 14153
2975500 14226
2975500 14902
2975500 16406
2975500 19745
2975500 26576
2975500 29095
3350250 1672
3350250 3384
3350250 10133
3350250 18736
3350250 24765
3350250 25420
418500 15138
418500 18002
5865750 360
5865750 911
5865750 1031
5865750 3228
5865750 8278
5865750 10268
5865750 26464
5865750 28177
6634500 13554
7785250 11790
7785250 24978
7898750 15946
7898750 26894
8060000 18024
8060000 23928
8385000 504
8385000 1325
8385000 1548
8385000 3458
8385000 3719
8385000 7680
8385000 9111
8385000 12438
8385000 16376
8385000 16463
8385000 18080
8385000 19217
8385000 21110
8385000 23284
8385000 24645
11503250 504
11503250 24645
11747250 11244
11747250 17959
11747250 24892
12386500 2367
12386500 16396
3031750 646
3031750 5799
3031750 7323
3031750 8637
3031750 11263
3031750 11679
3031750 12977
3031750 14020
3031750 14902
3031750 16110
3031750 16406
3031750 18131
3031750 18388
3031750 20519
3031750 21565
3031750 24969
3031750 26288
3031750 29095
3031750 29099
3114000 398
3114000 20536
3114000 21092
3114000 23928
4256000 2963
4256000 7692
4256000 14153
4256000 14486
4256000 16331
4256000 18741
4256000 24306
4256000 27205
4256000 27791
5354000 10014
5354000 12688
5354000 18024
5354000 18990
5354000 20180
5354000 23928
563500 398
563500 10778
563500 12285
563500 16939
563500 23928
5642000 7812
5642000 10726
5642000 10840
5642000 11080
5642000 14873
5642000 21911
5642000 28669
6412750 3719
6412750 13592
6412750 14580
6412750 27205
6572500 24969
6572500 26000
6572500 29099
10052000 143
10052000 1325
10052000 1548
10052000 7680
10052000 9458
10052000 22126
10052000 22280
10052000 24196
11761750 554
11761750 15405
11761750 28975
3903500 1392
3903500 13265
5292000 8643
5292000 19974
5292000 23779
5292000 25669
5292000 26619
5407750 241
5407750 6352
5407750 16821
5407750 19742
5407750 25415
5742000 5593
5742000 19523
5742000 21632
5742000 29465
5952250 5067
6258500 12068
7450000 646
7450000 8637
7450000 9111
7450000 12977
7450000 13784
7450000 14261
7450000 20661
7450000 27791
7450000 29202
8051750 7936
8100250 4694
8100250 7868
8100250 26288
9069000 3677
9069000 9620
9069000 11864
9069000 12052
9069000 19217
9069000 19937
9069000 21110
9069000 22393
9069000 24534
9069000 28017
10312750 3627
10312750 5086
10312750 9563
10312750 12352
10312750 16116
10312750 20164
10312750 20367
10312750 23774
10312750 24503
10312750 28201
10312750 28370
10521000 4694
10521000 7868
10521000 9472
1525000 2257
1525000 9620
1525000 11196
1525000 12052
1525000 27618
236000 8637
236000 27791
239250 12358
239250 18990
239250 19742
239250 28481
5059000 9195
6694750 646
6694750 3151
6694750 5053
6694750 5086
6694750 5799
6694750 9472
6694750 11612
6694750 12352
6694750 12977
6694750 14020
6694750 18730
6694750 20456
6694750 23782
6694750 24196
6694750 27946