12154500 8689 1 170
12154500 9471 1 170
12154500 17640 1 145
12154500 2568 1 154
12154500 7868 1 191
12154500 9549 1 168
1620500 5833 1 149
4716750 2683 1 170
4844000 15934 1 138
4844000 24196 1 182
4844000 12899 1 140
5654000 29231 1 165
5780000 5814 1 168
5780000 21336 1 135
5780000 7061 1 138
5780000 22313 1 184
5780000 22529 1 138
5780000 17959 1 147
5780000 15811 1 139
6061250 10893 1 149
6061250 16463 1 190
6061250 22359 1 185
6458500 8637 1 171
10302500 2626 1 150
10302500 7409 1 166
10302500 14065 1 170
10302500 28164 1 166
10302500 26087 1 161
1110750 20578 1 176
1110750 12426 1 158
12015000 7552 1 177
12173500 3627 1 191
12173500 9817 1 162
3963750 3809 1 164
3963750 13737 1 178
3963750 11330 1 189
434750 21911 1 139
6571000 5470 1 145
6849750 6757 1 182
8149250 2367 1 154
2771250 14694 1 189
2771250 12606 1 172
3211250 17706 1 184
3211250 27155 1 185
3211250 6148 1 193
3581250 23482 1 161
11362000 10240 1 141
11362000 8693 1 190
11687000 8689 1 183
12215000 6672 1 179
4770500 10404 1 170
4770500 6988 1 145
7002750 1481 1 181
799000 27791 1 171
9035750 9881 1 176
9163000 6096 1 149
9244000 7868 1 139
1906000 9532 1 185
1906000 12220 1 137
1906000 2683 1 186
1909250 14209 1 179
2874500 10840 1 136
2921750 143 1 142
2921750 27791 1 136
4184250 23928 1 143
4184250 241 1 181
4215750 23928 1 157
5108000 29203 1 193
6874250 2683 1 181
6874250 15584 1 136
6874250 18805 1 173
6874250 28410 1 182
6874250 8637 1 138
10095000 14261 1 165
3787750 2610 1 196
7367000 15686 1 195
7367000 21975 1 159
12065000 12453 1 170
5754500 3954 1 164
5754500 8307 1 176
3293750 25193 1 175
10393750 3438 1 154
10393750 2437 1 195
11493000 9072 1 172
1446250 7105 1 166
3188000 9567 1 149
3520000 14415 1 184
3520000 23928 1 155
364250 11679 1 136
38250 14265 1 173
5959000 14153 1 191
5959000 14242 1 153
7345250 2750 1 196
7699500 8719 1 140
7699500 18730 1 155
7699500 11793 1 166
1381000 17958 1 177
380000 22094 1 164
4922750 18024 1 162
5769750 24503 1 155
11111500 27791 1 138
1240250 2160 1 192
145750 3847 1 159
2251750 23549 1 142
2492500 19005 1 146
5012750 7963 1 139
5143250 6287 1 171
5143250 26394 1 193
5143250 26614 1 182
6848750 8689 1 176
8271000 11280 1 162
10069500 18519 1 136
10069500 10740 1 136
10401500 22950 1 196
1324500 27927 1 186
1324500 5336 1 195
1324500 6305 1 162
1324500 7868 1 186
6003750 8792 1 190
6003750 23013 1 169
7320250 26728 1 147
7886000 9472 1 135
8033500 28653 1 181
10261750 17061 1 147
10261750 19394 1 183
10261750 1222 1 154
10261750 28270 1 181
10261750 14261 1 137
11730000 21565 1 190
11972750 7260 1 146
11972750 4846 1 196
11972750 7936 1 174
2168250 13494 1 141
2870250 17606 1 196
2870250 4003 1 179
4902250 23628 1 172
711500 26722 1 178
711500 4709 1 171
9437500 489 1 188
10492250 11061 1 168
10492250 26464 1 135
10609250 8693 1 192
1074500 9567 1 194
154500 18805 1 138
154500 10353 1 183
1953250 25289 1 155
1953250 2610 1 167
2378500 3228 1 193
2920750 23407 1 178
2920750 22359 1 164
4054000 9090 1 187
4054000 11304 1 143
573000 16653 1 193
7103000 5574 1 185
7269250 2729 1 179
7269250 24571 1 144
7269250 23295 1 160
7269250 20578 1 179
7269250 27791 1 165
7476250 1037 1 194
9794000 642 1 183
2200750 24506 1 178
2200750 18741 1 149
5491500 18024 1 149
6766250 27791 1 139
835000 11734 1 171
8702500 3390 1 154
8702500 11196 1 170
10322250 5185 1 188
11984750 251 1 137
11984750 3627 1 178
3149000 9804 1 181
3723750 4078 1 138
3723750 12271 1 148
5293250 20506 1 162
5293250 679 1 173
7435500 27950 1 181
200250 9620 1 178
3588500 530 1 138
3588500 21336 1 159
8230750 24841 1 173
8633500 5833 1 135
8633500 8148 1 191
8730250 911 1 196
8730250 28876 1 168
8730250 3228 1 193
8730250 28453 1 167
8730250 11679 1 136
8799750 18024 1 139
9039750 11196 1 188
9039750 3228 1 195
4423500 4147 1 196
5155750 24669 1 179
5238000 2683 1 163
7892000 8489 1 144
832250 22963 1 164
832250 27791 1 171
8529750 22583 1 190
10966250 8689 1 176
2331750 22126 1 146
3592750 14694 1 178
8435250 7105 1 160
8435250 21067 1 178
9121750 7868 1 140
1247000 25635 1 182
2882750 29225 1 183
5226500 7868 1 161
776750 3228 1 193
776750 2963 1 188
10212500 12927 1 175
2033500 4949 1 174
2033500 3627 1 170
4886500 17640 1 162
11625250 28017 1 185
11625250 21628 1 181
11625250 3740 1 160
11947000 11080 1 161
11947000 6505 1 142
11947000 16865 1 142
5264500 27791 1 138
7797000 11196 1 173
892500 239 1 173
892500 17180 1 155
10818500 23779 1 135
1173500 5848 1 182
1173500 20037 1 177
1173500 8049 1 179
1173500 8257 1 180
1173500 20143 1 148
1338750 12586 1 154
2891500 8027 1 191
2891500 4949 1 161
2891500 8724 1 171
2891500 2257 1 168
2940000 24486 1 188
2940000 11767 1 185
2940000 12220 1 181
2940000 25086 1 192
4895250 15423 1 195
8049000 22749 1 175
1118250 8278 1 175
12016750 18741 1 149
12016750 28653 1 140
1244250 4324 1 187
1767500 20180 1 164
1767500 27977 1 163
2386250 1008 1 190
439000 16821 1 181
439000 24060 1 172
439000 3362 1 165
439000 2198 1 172
439000 6104 1 185
5962750 27446 1 141
5962750 9563 1 152
7143250 10702 1 155
7143250 7613 1 191
7143250 217 1 164
9123500 18678 1 161
10539250 14020 1 190
5037000 21140 1 162
5279750 20386 1 136
8163500 26959 1 180
8163500 22621 1 169
9179500 17835 1 190
9179500 11196 1 163
9352750 6548 1 168
2088000 10949 1 182
2088000 2198 1 169
3846250 23143 1 194
3846250 11882 1 160
4370750 1666 1 177
65500 6152 1 192
8072250 6098 1 149
1528500 22749 1 170
1528500 12977 1 163
1792000 6203 1 161
4378500 16100 1 138
7184500 28463 1 147
8156500 8842 1 176
8528750 16913 1 168
9586500 17401 1 184
11114000 25372 1 187
2364500 21865 1 174
6233750 3458 1 174
6233750 10584 1 143
8353250 16331 1 192
9979000 251 1 157
3148500 27346 1 145
3148500 14894 1 136
3404000 18273 1 172
3404000 8446 1 155
3404000 3627 1 166
3404000 22246 1 154
3404000 6246 1 172
3404000 29 1 146
3404000 905 1 146
6301250 8637 1 193
6301250 8226 1 169
6380000 24459 1 194
9513250 9195 1 141
267250 2367 1 136
267250 10690 1 143
2807500 3817 1 189
2807500 1015 1 192
2807500 1010 1 189
2807500 12688 1 189
791500 3627 1 171
11121500 15799 1 195
1365000 13737 1 138
1688750 12220 1 196
3684750 16754 1 189
5957500 24966 1 159
731750 11196 1 178
12331000 18180 1 169
12331000 7542 1 181
1622500 8148 1 167
1622500 22027 1 153
4317250 22029 1 168
5078750 18990 1 138
5910250 28525 1 195
621500 2683 1 164
8910750 24929 1 138
9842500 18805 1 176
1194750 25366 1 142
1531250 22179 1 196
1782250 18024 1 192
3304500 18086 1 153
3304500 17512 1 165
3304500 24461 1 188
3304500 17228 1 188
5256500 3775 1 147
5751500 14873 1 169
3742000 26168 1 143
8243500 949 1 181
8243500 4479 1 161
8243500 11776 1 155
9351750 11080 1 146
984500 2513 1 196
11440500 2179 1 172
1189000 23612 1 184
1189000 27615 1 182
5139250 11080 1 175
11949750 5403 1 154
12239250 26288 1 182
12239250 20519 1 182
3288250 5592 1 136
4921000 23549 1 157
5812000 19993 1 174
5812000 2683 1 160
6713250 18879 1 164
6713250 5185 1 136
6713250 27625 1 160
7921500 22556 1 169
11307500 12068 1 169
4399750 23207 1 170
5915250 2367 1 178
6234000 4220 1 173
6234000 18051 1 175
6683750 29203 1 155
7830250 17237 1 145
8096750 24887 1 165
8096750 5267 1 137
10773000 9486 1 149
11711250 10866 1 176
11711250 23861 1 164
12229000 12588 1 141
1617250 28463 1 169
1617250 11951 1 176
4658500 27625 1 165
4658500 25917 1 187
4658500 10948 1 186
10297000 18075 1 180
10297000 27056 1 139
11313000 17013 1 193
12004000 5081 1 155
1724250 23198 1 149
1724250 15269 1 149
1724250 3228 1 170
5697750 2367 1 195
6998500 1031 1 138
7116750 10308 1 148
10234000 4039 1 189
10234000 3719 1 192
1074750 11904 1 184
1074750 3699 1 138
1074750 11080 1 147
1074750 527 1 135
5846250 18200 1 176
5846250 1831 1 149
7218000 15859 1 136
7218000 21936 1 176
7218000 11201 1 168
2187500 6158 1 190
3625250 26614 1 189
3861500 7868 1 166
10628500 5652 1 168
10628500 4039 1 164
10628500 398 1 155
10628500 23549 1 157
10628500 21336 1 157
10628500 7045 1 162
10628500 18736 1 184
10628500 27117 1 141
11535250 2257 1 170
12417500 17959 1 176
3644250 7127 1 169
3644250 4775 1 156
3644250 29473 1 195
3644250 18843 1 149
5011500 23013 1 180
854250 9881 1 176
3249250 2513 1 137
4967250 6101 1 138
4967250 12431 1 180
6751750 16243 1 149
6751750 3068 1 175
3344750 18290 1 171
3344750 5310 1 171
3344750 7542 1 167
3954500 15584 1 136
4195500 20456 1 174
4195500 7737 1 154
4852500 16500 1 196
4852500 911 1 196
4852500 26288 1 142
4852500 24541 1 156
4852500 11665 1 142
5261000 15308 1 135
5261000 1591 1 164
5261000 21581 1 135
6155250 7850 1 161
6155250 15661 1 150
8216500 27791 1 138
8845250 18736 1 154
8845250 28653 1 156
8845250 12008 1 157
9694750 14550 1 138
1579250 21160 1 184
1579250 4953 1 183
2797750 28270 1 176
282500 12055 1 172
8573000 6158 1 190
11225500 24869 1 138
3350250 24765 1 181
418500 18002 1 182
8385000 19217 1 166
8385000 18080 1 188
11747250 11244 1 189
12386500 2367 1 196
3031750 21565 1 180
3031750 11263 1 182
5354000 20180 1 161
5642000 10726 1 195
11761750 554 1 148
5292000 8643 1 141
5742000 5593 1 146
5742000 19523 1 168
7450000 29202 1 138
9069000 28017 1 139
10312750 20367 1 189
1525000 11196 1 163