10944750 25372 1 215
10944750 28752 1 243
12028500 21392 1 246
12028500 11196 1 246
12028500 13390 1 239
12154500 8689 1 170
12154500 9471 1 170
12154500 17640 1 210
12154500 2568 1 154
12154500 7868 1 227
12154500 9549 1 168
1620500 23735 1 245
1620500 5833 1 149
4716750 2683 1 170
4716750 29202 1 240
4844000 15934 1 138
4844000 24196 1 182
4844000 12899 1 140
5654000 5896 1 251
5654000 29231 1 165
5780000 5814 1 168
5780000 17214 1 205
5780000 21336 1 135
5780000 17061 1 252
5780000 7061 1 138
5780000 22313 1 184
5780000 22529 1 138
5780000 17959 1 147
5780000 15315 1 237
5780000 15811 1 139
5780000 11022 1 238
6061250 10893 1 149
6061250 16463 1 190
6061250 22359 1 185
6458500 8637 1 171
10224750 1481 1 210
10229250 8689 1 239
10302500 2626 1 150
10302500 7409 1 166
10302500 14065 1 170
10302500 6630 1 204
10302500 28164 1 166
10302500 26087 1 161
1110750 20578 1 176
1110750 12426 1 158
12015000 7552 1 177
12173500 554 1 201
12173500 3627 1 239
12173500 9817 1 162
12173500 15405 1 204
12173500 28184 1 218
12173500 1325 1 231
1971500 25329 1 215
1971500 7096 1 221
3963750 3809 1 164
3963750 4949 1 256
3963750 13737 1 178
3963750 11330 1 189
434750 4571 1 233
434750 19394 1 254
434750 27511 1 202
434750 16972 1 219
434750 21911 1 139
5220750 28438 1 217
5220750 8689 1 213
5254500 7868 1 242
6571000 12162 1 223
6571000 4254 1 243
6571000 5470 1 145
6849750 2199 1 198
6849750 6757 1 182
8149250 11679 1 258
8149250 2367 1 154
8149250 11196 1 219
8757750 18024 1 199
10696000 14887 1 212
10696000 11022 1 237
11391250 28924 1 254
1832000 25687 1 258
2771250 14694 1 189
2771250 12606 1 172
2771250 2513 1 206
3211250 17706 1 184
3211250 11076 1 238
3211250 27155 1 185
3211250 6148 1 193
3211250 12431 1 224
3581250 22126 1 220
3581250 23482 1 161
4256500 2410 1 218
5034000 7465 1 209
5901250 14575 1 246
6257000 23563 1 254
6257000 23628 1 227
11362000 10240 1 141
11362000 8693 1 190
11687000 8689 1 183
12215000 8637 1 230
12215000 6672 1 201
1969000 12220 1 234
1969000 18002 1 200
4770500 9165 1 226
4770500 10404 1 170
4770500 6988 1 145
7002750 1481 1 181
799000 27791 1 171
8102000 768 1 254
9035750 7850 1 213
9035750 9881 1 176
9035750 20661 1 206
9035750 17977 1 253
9163000 6096 1 149
9244000 7868 1 139
1046250 27791 1 191
10768750 19993 1 229
1906000 9532 1 185
1906000 2438 1 237
1906000 12220 1 137
1906000 2683 1 186
1909250 20516 1 257
1909250 6326 1 256
1909250 504 1 247
1909250 14209 1 179
1909250 10014 1 165
1909250 24645 1 242
1909250 23470 1 239
2874500 10840 1 136
2874500 7868 1 240
2921750 143 1 142
2921750 27791 1 136
3524750 26871 1 227
4184250 11196 1 216
4184250 4949 1 178
4184250 23928 1 143
4184250 241 1 246
4184250 14020 1 220
4215750 23928 1 157
5108000 15094 1 217
5108000 29547 1 224
5108000 4254 1 239
5108000 29203 1 193
6874250 2683 1 181
6874250 15584 1 136
6874250 14265 1 243
6874250 18805 1 173
6874250 28410 1 182
6874250 8637 1 138
6874250 12168 1 232
8040000 8257 1 205
8040000 17084 1 249
8040000 239 1 181
8040000 15138 1 238
10095000 14261 1 165
10831750 5640 1 245
11434750 7071 1 236
11434750 9985 1 234
2078000 17449 1 198
2078000 14902 1 205
3787750 26969 1 248
3787750 2610 1 196
7367000 21336 1 244
7367000 15686 1 195
7367000 21975 1 159
7687500 14498 1 245
11340250 14294 1 221
11612500 5848 1 245
12065000 12453 1 170
3035250 11080 1 214
5754500 3954 1 164
5754500 8307 1 176
9173750 16110 1 223
9173750 16540 1 258
9628250 23779 1 212
9706000 29099 1 231
9706000 23340 1 233
9706000 12168 1 250
9706000 20297 1 242
9706000 22094 1 240
981000 11176 1 197
981000 27160 1 217
981000 12394 1 219
10054250 19660 1 256
10054250 4667 1 212
10054250 11159 1 212
10054250 1079 1 138
1966250 3228 1 203
1966250 25260 1 198
3293750 26523 1 243
3293750 25193 1 175
10393750 29265 1 200
10393750 3438 1 154
10393750 2437 1 195
11493000 7868 1 201
11493000 12453 1 247
11493000 9072 1 172
11493000 22727 1 240
1446250 7105 1 166
3188000 9567 1 149
3520000 14415 1 184
3520000 1700 1 240
3520000 23928 1 155
364250 11679 1 136
38250 10051 1 254
38250 14265 1 239
5959000 14153 1 191
5959000 14242 1 153
6247250 15814 1 239
6564500 16406 1 215
6564500 14902 1 205
6564500 11612 1 214
6564500 11176 1 243
6564500 26576 1 214
6564500 12977 1 248
7345250 2750 1 196
7699500 8719 1 140
7699500 9802 1 239
7699500 14182 1 212
7699500 18730 1 155
7699500 11793 1 166
11142000 17407 1 247
1381000 17958 1 177
380000 14174 1 243
380000 22094 1 164
4102750 20585 1 199
4922750 2669 1 244
4922750 18024 1 162
5769750 24503 1 155
7927750 26288 1 186
8129250 18097 1 219
8129250 7868 1 224
8129250 25733 1 199
10063000 10893 1 209
10063000 14930 1 209
10257500 10893 1 241
11111500 27791 1 138
11321750 7997 1 223
1240250 2160 1 192
145750 3847 1 159
145750 24242 1 158
1812000 11196 1 218
2251750 23549 1 142
2492500 20979 1 254
2492500 19005 1 146
5012750 2208 1 232
5012750 7963 1 139
5143250 6287 1 171
5143250 14482 1 192
5143250 26394 1 193
5143250 23549 1 255
5143250 26614 1 182
6848750 8689 1 176
6848750 21336 1 240
8271000 11280 1 162
9782000 29364 1 213
10069500 4571 1 198
10069500 18519 1 136
10069500 10740 1 136
10069500 15322 1 227
10401500 22950 1 196
10401500 12189 1 257
10401500 27791 1 243
10774750 1577 1 238
11874000 4220 1 249
11874000 18180 1 249
11874000 12220 1 211
11874000 13844 1 249
1324500 27927 1 186
1324500 5336 1 195
1324500 6305 1 162
1324500 7868 1 241
3981750 27791 1 165
3981750 6520 1 223
452750 14796 1 229
47000 23549 1 202
6003750 15414 1 212
6003750 7737 1 227
6003750 8792 1 190
6003750 23013 1 169
7190750 27791 1 258
7320250 26728 1 147
7886000 9472 1 135
8033500 6113 1 223
8033500 28653 1 181
8033500 2471 1 223
10261750 17061 1 242
10261750 21657 1 218
10261750 19394 1 183
10261750 1222 1 154
10261750 28270 1 181
10261750 14261 1 258
10261750 14533 1 220
10588000 15138 1 224
11730000 21565 1 190
11730000 13390 1 212
11972750 15631 1 198
11972750 7260 1 146
11972750 4846 1 196
11972750 21693 1 239
11972750 7936 1 174
2168250 7868 1 241
2168250 13494 1 141
2870250 17606 1 196
2870250 4003 1 179
2870250 14020 1 243
3795000 29099 1 231
4902250 23628 1 172
5052000 7868 1 218
6400000 2452 1 205
6400000 15258 1 203
6400000 3313 1 206
711500 26722 1 178
711500 11052 1 212
711500 4709 1 171
711500 17118 1 203
9437500 489 1 188
10492250 11061 1 168
10492250 26464 1 135
10492250 20045 1 238
10492250 24984 1 191
10609250 8693 1 192
1074500 16602 1 254
1074500 9567 1 194
154500 8689 1 238
154500 18805 1 138
154500 5863 1 237
154500 10353 1 183
1953250 14020 1 230
1953250 3658 1 217
1953250 12394 1 231
1953250 25289 1 155
1953250 2610 1 167
2182750 19643 1 223
2378500 3228 1 193
2378500 18937 1 219
2378500 23774 1 248
2920750 23407 1 178
2920750 22359 1 164
4004500 19686 1 175
4054000 9090 1 187
4054000 11304 1 143
4054000 24088 1 202
4133750 14451 1 206
4133750 25372 1 236
4133750 27638 1 213
5187750 1481 1 210
573000 19615 1 241
573000 16653 1 193
573000 18868 1 240
7103000 5574 1 185
7103000 15019 1 258
7269250 2729 1 179
7269250 24571 1 144
7269250 23295 1 160
7269250 20578 1 179
7269250 27791 1 165
7476250 1037 1 194
848500 7286 1 231
9794000 642 1 183
9906500 23656 1 255
9906500 5185 1 225
1140750 22313 1 211
1140750 12541 1 206
11564250 25483 1 222
11564250 14969 1 222
11564250 6104 1 217
2200750 24506 1 178
2200750 18741 1 149
2200750 12674 1 168
5239500 14153 1 210
5491500 9472 1 212
5491500 18024 1 149
5491500 25212 1 215
6766250 4307 1 218
6766250 27791 1 139
6957500 22029 1 228
6957500 16722 1 226
7657250 7997 1 218
7657250 29445 1 255
835000 14048 1 199
835000 16722 1 211
835000 11734 1 171
835000 19632 1 217
8702500 3390 1 154
8702500 11196 1 170
8702500 29547 1 218
8702500 7105 1 197
8702500 24780 1 226
8702500 23779 1 228
8949750 17438 1 251
10322250 5185 1 188
11984750 251 1 137
11984750 3627 1 255
3149000 9804 1 181
3149000 9486 1 211
3723750 4078 1 138
3723750 12271 1 148
4047000 29446 1 255
5968250 16406 1 234
8145500 21883 1 245
11683250 12541 1 220
12371000 12394 1 220
1699500 16716 1 244
1699500 24715 1 253
1758250 28463 1 208
5293250 20506 1 162
5293250 679 1 173
7163250 17748 1 222
7435500 27950 1 181
9436000 504 1 252
200250 12352 1 222
200250 9620 1 178
266500 10282 1 201
3310750 15432 1 203
3588500 530 1 138
3588500 21336 1 159
4376250 15631 1 205
4376250 8689 1 251
4376250 27407 1 236
4376250 21225 1 236
4533750 4324 1 218
8230750 24841 1 173
8633500 5833 1 135
8633500 8148 1 191
8730250 911 1 199
8730250 28876 1 168
8730250 3228 1 193
8730250 12068 1 212
8730250 28453 1 167
8730250 11679 1 136
8799750 18024 1 139
8799750 20826 1 247
8799750 12018 1 219
9039750 11196 1 188
9039750 3228 1 195
9982500 542 1 214
4423500 24193 1 197
4423500 4147 1 196
5155750 24669 1 179
5238000 21833 1 239
5238000 2683 1 163
5238000 15018 1 214
5655250 11196 1 252
7892000 8489 1 144
832250 22963 1 164
832250 27791 1 171
8529750 22583 1 190
10966250 8689 1 176
2331750 22126 1 146
2331750 953 1 221
2331750 7179 1 256
3592750 14694 1 178
3675000 1565 1 223
8435250 7105 1 160
8435250 21067 1 178
8435250 16540 1 216
8435250 14261 1 182
9121750 7868 1 140
9946250 21865 1 212
9946250 26619 1 207
11632250 25022 1 251
1247000 25635 1 182
2882750 29225 1 183
2882750 4452 1 217
5226500 3627 1 226
5226500 7868 1 161
776750 3228 1 193
776750 18388 1 206
776750 2963 1 188
776750 26699 1 230
10212500 12927 1 175
10212500 24081 1 254
10212500 24788 1 247
1025250 13247 1 231
2033500 4949 1 174
2033500 11176 1 220
2033500 3627 1 170
2033500 8689 1 231
2033500 11465 1 217
472000 23584 1 239
472000 3515 1 244
472000 25333 1 256
472000 6211 1 257
4886500 17640 1 162
5248750 27035 1 254
5248750 28924 1 240
7854500 7323 1 205
7854500 527 1 249
8216750 24281 1 244
10443000 19466 1 227
10443000 23628 1 227
11078500 9275 1 242
11625250 18990 1 239
11625250 28017 1 185
11625250 21628 1 181
11625250 3740 1 160
11947000 9522 1 217
11947000 13103 1 217
11947000 11080 1 161
11947000 6505 1 142
11947000 23482 1 206
11947000 16865 1 142
4454500 27117 1 240
4454500 15019 1 258
5264500 27791 1 138
7600250 3228 1 250
7715000 11790 1 245
7797000 11196 1 173
892500 23403 1 212
892500 239 1 173
892500 17180 1 155
10818500 5334 1 239
10818500 23779 1 135
1173500 5848 1 182
1173500 20037 1 177
1173500 15661 1 201
1173500 8049 1 179
1173500 8257 1 180
1173500 20143 1 148
1338750 12586 1 154
1338750 845 1 210
2076000 24886 1 215
2891500 3627 1 246
2891500 819 1 191
2891500 8027 1 233
2891500 4949 1 161
2891500 255 1 198
2891500 8724 1 171
2891500 2257 1 168
2940000 24486 1 188
2940000 11767 1 206
2940000 12220 1 181
2940000 25086 1 192
2940000 25260 1 198
2940000 2683 1 150
2940000 26722 1 212
2940000 12168 1 214
4059500 16463 1 211
4153000 21865 1 252
415500 554 1 214
4895250 15423 1 195
8049000 22749 1 175
1118250 26665 1 240
1118250 8278 1 175
1118250 24306 1 209
12016750 18741 1 149
12016750 28653 1 140
1244250 1691 1 138
1244250 4324 1 187
1767500 20180 1 164
1767500 27977 1 163
2386250 1008 1 190
2386250 948 1 236
2386250 7061 1 236
2752000 12243 1 203
2752000 3032 1 234
2752000 22179 1 233
439000 16821 1 212
439000 24060 1 172
439000 3362 1 165
439000 2198 1 172
439000 7868 1 209
439000 26404 1 237
439000 25415 1 218
439000 12287 1 221
439000 6104 1 185
5962750 5803 1 237
5962750 16800 1 235
5962750 27446 1 141
5962750 9563 1 152
7143250 10702 1 155
7143250 22087 1 237
7143250 7613 1 191
7143250 217 1 164
9079500 7868 1 247
9123500 18678 1 161
9123500 14694 1 243
9123500 12168 1 225
969750 17823 1 221
10539250 1461 1 252
10539250 14020 1 190
11137750 19891 1 245
4259500 29099 1 230
4259500 15315 1 200
5037000 14796 1 234
5037000 21140 1 162
5279750 2368 1 238
5279750 20386 1 136
5726500 17244 1 202
746000 155 1 254
746000 21865 1 252
8163500 26959 1 180
8163500 22621 1 169
9179500 17835 1 190
9179500 11196 1 163
9179500 27637 1 230
9352750 28759 1 240
9352750 6548 1 168
9352750 17133 1 234
9807250 18905 1 205
9807250 7868 1 203
11158000 21930 1 258
11158000 239 1 258
11158000 7868 1 225
11494250 11196 1 252
2088000 10949 1 182
2088000 2198 1 169
3846250 23143 1 194
3846250 11882 1 160
4115500 6731 1 237
4370750 1666 1 177
65500 6152 1 192
65500 5443 1 213
8072250 6098 1 149
1528500 22749 1 170
1528500 5799 1 206
1528500 23774 1 248
1528500 28370 1 238
1528500 12977 1 163
1792000 6203 1 161
2316250 9688 1 246
2316250 9657 1 212
2316250 26288 1 216
3317500 3032 1 157
417250 12068 1 219
4378500 16100 1 138
4503500 24193 1 219
4876750 949 1 247
6126750 25117 1 254
7184500 7868 1 197
7184500 28463 1 147
7184500 10193 1 239
8156500 8842 1 176
8528750 16913 1 168
9586500 17401 1 184
9586500 8860 1 236
11114000 25372 1 187
140500 14625 1 240
2364500 21865 1 174
3014750 7868 1 241
3511000 14020 1 244
4782250 9658 1 251
4782250 10778 1 254
5170500 6096 1 135
6233750 18180 1 205
6233750 4220 1 205
6233750 3458 1 174
6233750 10584 1 143
8017000 22280 1 200
8017000 23284 1 203
8017000 15096 1 216
8353250 27205 1 247
8353250 16331 1 192
8353250 12285 1 245
9979000 251 1 157
3148500 27346 1 145
3148500 16217 1 210
3148500 12795 1 255
3148500 14894 1 136
3326250 9479 1 225
3404000 18273 1 172
3404000 8446 1 155
3404000 3627 1 166
3404000 22246 1 209
3404000 6246 1 172
3404000 29 1 146
3404000 905 1 146
4625750 26000 1 237
4625750 22321 1 241
6301250 574 1 229
6301250 8637 1 193
6301250 8226 1 169
6301250 11543 1 239
6380000 24459 1 194
691500 22664 1 223
8160750 15308 1 252
8160750 18529 1 252
9513250 23928 1 207
9513250 9195 1 141
11558000 749 1 226
1838750 16818 1 209
2198750 13054 1 238
267250 2367 1 136
267250 10690 1 143
2807500 3817 1 189
2807500 1015 1 192
2807500 1010 1 189
2807500 27117 1 252
2807500 12688 1 189
3009000 5627 1 243
3009000 22393 1 243
3009000 8724 1 241
3009000 27117 1 221
6807250 22393 1 243
7211250 23656 1 204
791500 24831 1 258
791500 3627 1 171
11121500 13049 1 246
11121500 15799 1 249
1365000 13737 1 138
1688750 12220 1 196
2103250 7567 1 258
2103250 12394 1 215
3684750 16754 1 189
3799500 21768 1 230
448250 15911 1 239
4712250 20902 1 229
5957500 24966 1 159
731750 9195 1 249
731750 7692 1 247
731750 11196 1 178
731750 15924 1 217
12331000 18180 1 169
12331000 7542 1 181
1622500 8148 1 167
1622500 22027 1 153
1622500 19179 1 210
1710500 14780 1 223
2232500 679 1 251
3010000 13975 1 202
4317250 22029 1 168
4475750 3719 1 231
4475750 13592 1 231
5078750 25669 1 202
5078750 18990 1 138
5910250 28525 1 195
621500 29099 1 223
621500 2683 1 164
6921750 19197 1 256
7445000 18075 1 223
8910750 27514 1 226
8910750 24929 1 138
8910750 5598 1 220
8910750 12688 1 222
8910750 26614 1 231
9651250 5639 1 210
9651250 1598 1 228
9842500 18805 1 176
9842500 25086 1 228
9842500 7380 1 253
9842500 10908 1 253
10642000 20536 1 247
10642000 7576 1 229
1194750 4059 1 254
1194750 83 1 226
1194750 25366 1 142
1194750 7400 1 233
1531250 22179 1 196
1782250 18024 1 192
1782250 155 1 254
2704750 5764 1 210
2704750 3658 1 207
3304500 4931 1 242
3304500 3804 1 241
3304500 18086 1 153
3304500 25169 1 258
3304500 29099 1 230
3304500 3592 1 209
3304500 17512 1 165
3304500 24461 1 242
3304500 13554 1 222
3304500 22269 1 210
3304500 17228 1 188
5256500 20679 1 218
5256500 3775 1 147
5256500 614 1 232
5751500 14873 1 169
599750 9657 1 212
599750 20297 1 242
6571750 16540 1 258
6571750 9193 1 213
887750 15019 1 195
10533750 24601 1 230
10533750 14261 1 165
1165500 15423 1 198
1181250 23284 1 198
12275500 21930 1 211
3742000 26168 1 143
8243500 949 1 181
8243500 24869 1 238
8243500 4479 1 161
8243500 11776 1 155
8243500 18075 1 224
8243500 4931 1 238
8243500 11196 1 224
9351750 11080 1 146
984500 2513 1 196
11440500 2179 1 172
1189000 16361 1 205
1189000 23612 1 184
1189000 27615 1 182
1806750 26394 1 257
19500 19421 1 226
19500 20551 1 237
2050000 26866 1 257
232000 7868 1 206
232000 21865 1 227
2988000 15828 1 224
2988000 22482 1 218
3719250 4960 1 253
5139250 11080 1 175
8314250 11196 1 248
8314250 27618 1 248
11949750 2198 1 216
11949750 5403 1 154
12234750 29465 1 225
12234750 21632 1 225
12239250 26288 1 182
12239250 20519 1 182
3288250 5592 1 136
4921000 23549 1 157
5024500 12977 1 214
5812000 19993 1 174
5812000 2683 1 238
6172000 24704 1 212
6713250 2367 1 258
6713250 18879 1 164
6713250 1758 1 253
6713250 5185 1 136
6713250 27625 1 160
6713250 24344 1 232
7921500 22556 1 169
10592000 1335 1 220
11307500 12068 1 169
11307500 20300 1 250
4399750 23207 1 170
5915250 15138 1 257
5915250 2367 1 178
6234000 4220 1 173
6234000 18051 1 175
6234000 17020 1 248
6234000 21372 1 247
6683750 29203 1 222
7830250 17237 1 145
8096750 24887 1 165
8096750 5267 1 137
10000250 17153 1 222
10773000 9486 1 149
10773000 2257 1 240
11711250 1392 1 204
11711250 6175 1 207
11711250 10866 1 176
11711250 23861 1 164
11711250 24942 1 211
12229000 17389 1 239
12229000 12588 1 141
1617250 18002 1 245
1617250 28463 1 169
1617250 11951 1 176
4257000 27625 1 219
4304250 7868 1 241
4658500 27625 1 165
4658500 25917 1 187
4658500 10948 1 186
4658500 17453 1 235
6497000 20747 1 210
6780500 10893 1 230
10297000 25058 1 238
10297000 18075 1 180
10297000 27056 1 139
11313000 7456 1 220
11313000 11196 1 218
11313000 17013 1 193
11313000 27406 1 197
12004000 15307 1 136
12004000 5081 1 155
12377250 3151 1 206
12377250 14020 1 173
12377250 18075 1 247
12377250 5799 1 205
1724250 23198 1 149
1724250 15269 1 149
1724250 3228 1 170
5539250 7868 1 250
5697750 2367 1 195
6272000 2803 1 252
6272000 17400 1 229
6272000 12055 1 243
6998500 1031 1 138
7116750 10308 1 148
7116750 14930 1 210
8617500 28270 1 246
8617500 27625 1 234
8617500 11280 1 215
8617500 26619 1 243
10234000 4039 1 189
10234000 10970 1 246
10234000 9111 1 252
10234000 3719 1 192
10234000 28653 1 238
1074750 11904 1 184
1074750 3699 1 138
1074750 10171 1 196
1074750 11080 1 147
1074750 527 1 135
1074750 12747 1 219
1727500 4452 1 230
1727500 7812 1 220
3282250 11857 1 228
528250 8693 1 249
528250 155 1 254
5846250 18200 1 176
5846250 1831 1 149
7218000 15859 1 136
7218000 21936 1 176
7218000 22317 1 251
7218000 11201 1 168
7588000 28975 1 203
7588000 28653 1 224
8555500 29078 1 201
11590500 17512 1 204
1629250 19891 1 246
1629250 18024 1 255
2187500 27394 1 220
2187500 6158 1 190
2187500 23628 1 196
3625250 5625 1 213
3625250 26614 1 189
3861500 20470 1 204
3861500 7868 1 209
3913250 8409 1 219
3913250 9948 1 213
3913250 8689 1 224
3913250 9230 1 226
3913250 9242 1 218
4073250 27415 1 244
6099250 13244 1 238
6099250 11823 1 223
10628500 5652 1 168
10628500 4039 1 164
10628500 398 1 155
10628500 23549 1 157
10628500 27791 1 243
10628500 21336 1 157
10628500 7045 1 162
10628500 18736 1 184
10628500 27117 1 141
10628500 13784 1 240
11535250 2257 1 170
11535250 16463 1 219
12417500 8689 1 239
12417500 7963 1 216
12417500 17959 1 176
309750 15365 1 254
3644250 7127 1 169
3644250 16406 1 203
3644250 4775 1 156
3644250 29473 1 195
3644250 18843 1 149
3644250 4381 1 233
5011500 11196 1 225
5011500 23013 1 180
5011500 22280 1 225
5011500 23779 1 238
5226250 15907 1 223
5226250 8689 1 204
5999000 26523 1 250
6412250 7260 1 246
854250 9881 1 176
1086750 1084 1 255
1086750 18977 1 256
1086750 7868 1 227
11957000 16818 1 217
11957000 23907 1 254
3249250 2513 1 137
4063000 19974 1 169
4967250 6101 1 138
4967250 7868 1 206
4967250 12431 1 180
6751750 16243 1 149
6751750 3068 1 175
7322250 23861 1 239
9512750 4239 1 255
9802000 5883 1 238
3344750 17748 1 198
3344750 18290 1 171
3344750 5310 1 171
3344750 28463 1 206
3344750 7542 1 167
3344750 3313 1 247
3954500 15584 1 136
4195500 20456 1 174
4195500 7737 1 154
4852500 16500 1 196
4852500 911 1 196
4852500 26288 1 142
4852500 24541 1 200
4852500 11665 1 142
5261000 15308 1 135
5261000 1591 1 164
5261000 21581 1 135
6150750 15831 1 250
6150750 18185 1 215
6155250 4220 1 250
6155250 7850 1 161
6155250 15661 1 150
7375000 11201 1 233
8216500 22552 1 223
8216500 27791 1 138
8216500 14159 1 230
8845250 22484 1 229
8845250 18736 1 154
8845250 28653 1 156
8845250 12008 1 157
8845250 14020 1 201
9694750 14550 1 138
11300000 2963 1 253
11579750 12688 1 230
1579250 21160 1 184
1579250 4953 1 183
1793250 2033 1 251
2797750 28270 1 176
282500 12055 1 172
5440750 20045 1 227
5440750 19862 1 252
7810250 8637 1 221
8280500 17972 1 228
8280500 16674 1 228
8573000 6158 1 190
8573000 28049 1 246
1063000 28481 1 253
1063000 22280 1 237
11225500 24869 1 138
2975500 19745 1 198
2975500 5086 1 225
2975500 14902 1 225
2975500 16406 1 225
3350250 18736 1 257
3350250 24765 1 181
3350250 1672 1 251
3350250 3384 1 251
3350250 25420 1 247
418500 18002 1 182
5865750 3228 1 251
5865750 10268 1 225
7898750 26894 1 217
8385000 7680 1 202
8385000 9111 1 198
8385000 19217 1 166
8385000 18080 1 188
11747250 11244 1 189
12386500 2367 1 196
3031750 21565 1 180
3031750 7323 1 198
3031750 18131 1 240
3031750 16110 1 248
3031750 11263 1 182
3114000 23928 1 240
3114000 20536 1 244
5354000 20180 1 161
5642000 10726 1 195
10052000 7680 1 209
10052000 22126 1 242
11761750 554 1 148
3903500 1392 1 242
5292000 8643 1 141
5407750 6352 1 216
5742000 5593 1 146
5742000 19523 1 168
5952250 5067 1 221
6258500 12068 1 240
7450000 14261 1 220
7450000 29202 1 138
9069000 22393 1 230
9069000 28017 1 202
9069000 19937 1 233
10312750 3627 1 224
10312750 20367 1 189
10312750 12352 1 223
1525000 11196 1 163
1525000 2257 1 252
239250 28481 1 253
5059000 9195 1 197
6694750 24196 1 213
6694750 14020 1 198