10944750 7150 1 189
12154500 8689 1 170
12154500 8689 1 170
12154500 15086 1 175
12154500 9471 1 170
12154500 9471 1 170
12154500 17640 1 145
12154500 17640 1 145
12154500 17640 1 146
12154500 17640 1 136
12154500 17640 1 136
12154500 2568 1 154
12154500 2568 1 154
12154500 2568 1 154
12154500 2568 1 154
12154500 7868 1 191
12154500 7868 1 191
12154500 7868 1 191
12154500 9549 1 168
12154500 9549 1 168
12154500 9549 1 168
12154500 9549 1 168
12154500 27791 1 172
1620500 5445 1 144
1620500 5833 1 149
1620500 5833 1 183
4716750 25820 1 180
4716750 2683 1 170
4716750 2683 1 170
4716750 2683 1 168
4716750 2683 1 168
4716750 2683 1 168
4716750 2683 1 168
4716750 2683 1 170
4716750 2683 1 168
4716750 2683 1 168
4844000 15934 1 138
4844000 15934 1 138
4844000 21983 1 138
4844000 24196 1 182
4844000 24196 1 182
4844000 24196 1 182
4844000 12899 1 140
4844000 12899 1 140
5654000 4775 1 164
5654000 29231 1 165
5654000 29231 1 145
5654000 29231 1 145
5654000 17926 1 191
5654000 4300 1 163
5654000 16939 1 143
5780000 15584 1 138
5780000 10702 1 146
5780000 18736 1 135
5780000 18712 1 181
5780000 10325 1 160
5780000 20190 1 169
5780000 5814 1 168
5780000 5814 1 168
5780000 5814 1 168
5780000 155 1 177
5780000 15021 1 156
5780000 14261 1 165
5780000 13734 1 155
5780000 17214 1 159
5780000 25651 1 165
5780000 20979 1 162
5780000 15534 1 180
5780000 10014 1 166
5780000 21336 1 135
5780000 21336 1 159
5780000 21336 1 159
5780000 21336 1 159
5780000 17061 1 147
5780000 7061 1 138
5780000 7061 1 138
5780000 22313 1 184
5780000 22313 1 149
5780000 22556 1 156
5780000 8842 1 176
5780000 4411 1 156
5780000 9111 1 165
5780000 19458 1 139
5780000 12209 1 175
5780000 11328 1 159
5780000 26583 1 164
5780000 14917 1 171
5780000 2128 1 138
5780000 5912 1 138
5780000 7071 1 157
5780000 2291 1 163
5780000 27955 1 164
5780000 26523 1 163
5780000 26789 1 138
5780000 19421 1 167
5780000 26160 1 147
5780000 14065 1 157
5780000 7856 1 155
5780000 7059 1 155
5780000 22529 1 138
5780000 22529 1 138
5780000 22529 1 138
5780000 22529 1 138
5780000 17959 1 147
5780000 17959 1 173
5780000 15315 1 171
5780000 15811 1 139
5780000 15811 1 141
5780000 15811 1 139
5780000 15811 1 141
5780000 4807 1 168
5780000 25510 1 166
5780000 11524 1 156
5780000 23928 1 157
6061250 10893 1 149
6061250 10893 1 147
6061250 28985 1 171
6061250 3190 1 174
6061250 16463 1 190
6061250 16463 1 190
6061250 22359 1 185
6061250 22359 1 185
6061250 8628 1 149
6061250 22113 1 171
6061250 22577 1 171
6061250 19632 1 171
6458500 8637 1 171
6458500 8637 1 171
6458500 8637 1 171
6458500 8637 1 171
6458500 8637 1 171
10224750 4761 1 137
10224750 25960 1 155
10224750 2613 1 157
10302500 12162 1 150
10302500 12754 1 160
10302500 14567 1 166
10302500 18167 1 189
10302500 2626 1 150
10302500 2626 1 150
10302500 7409 1 166
10302500 7409 1 166
10302500 14065 1 170
10302500 14065 1 170
10302500 8689 1 166
10302500 23235 1 166
10302500 28164 1 166
10302500 28164 1 166
10302500 28164 1 166
10302500 28164 1 166
10302500 28164 1 166
10302500 679 1 168
10302500 26087 1 161
10302500 26087 1 164
1110750 20578 1 176
1110750 20578 1 176
1110750 20578 1 176
1110750 20578 1 176
1110750 20578 1 176
1110750 12426 1 158
1110750 12426 1 158
12015000 7552 1 177
12015000 7552 1 177
12173500 22607 1 191
12173500 3627 1 191
12173500 3627 1 191
12173500 3627 1 191
12173500 3627 1 191
12173500 9817 1 162
12173500 9817 1 162
12173500 9817 1 162
12173500 9817 1 162
12173500 9817 1 162
12173500 9817 1 162
12173500 9817 1 162
12173500 9817 1 162
12173500 9817 1 162
12173500 9817 1 162
12173500 9817 1 162
1971500 22489 1 135
1971500 16944 1 155
1971500 1739 1 196
1971500 7469 1 168
1971500 13701 1 152
1971500 14065 1 171
1971500 26288 1 135
1971500 7692 1 191
1971500 4411 1 156
1971500 5834 1 148
1971500 5315 1 162
1971500 7004 1 160
1971500 21919 1 161
1971500 17550 1 170
1971500 23019 1 196
1971500 14917 1 171
2626250 25193 1 176
3963750 16624 1 167
3963750 3809 1 164
3963750 3809 1 164
3963750 4949 1 184
3963750 19421 1 192
3963750 23662 1 178
3963750 7356 1 184
3963750 13737 1 178
3963750 13737 1 178
3963750 11864 1 154
3963750 26972 1 146
3963750 26614 1 189
3963750 251 1 157
3963750 11330 1 189
3963750 11330 1 189
3963750 21067 1 176
434750 4571 1 195
434750 6542 1 192
434750 27511 1 192
434750 12656 1 193
434750 21911 1 139
434750 21911 1 148
434750 21911 1 148
434750 21911 1 148
434750 3228 1 193
5254500 14393 1 157
5254500 15918 1 157
5254500 29539 1 140
5254500 22359 1 140
6571000 15734 1 181
6571000 13878 1 190
6571000 13430 1 176
6571000 9192 1 140
6571000 5470 1 145
6571000 5470 1 145
6571000 5470 1 138
6849750 8049 1 182
6849750 6757 1 182
6849750 6757 1 182
6849750 27965 1 168
6849750 13883 1 140
6849750 24886 1 196
6849750 11679 1 136
6849750 27928 1 182
6849750 25733 1 152
6849750 6246 1 195
6849750 15584 1 137
6849750 29099 1 190
7703750 4958 1 168
7703750 27625 1 145
8149250 215 1 166
8149250 2367 1 154
8149250 2367 1 154
9288000 19394 1 149
10696000 19615 1 191
10696000 14153 1 184
10696000 25420 1 185
10696000 20979 1 162
10696000 1666 1 178
10696000 14887 1 181
10696000 10635 1 182
10696000 3740 1 190
1661750 10840 1 138
1661750 15315 1 171
1661750 2729 1 189
1661750 28221 1 152
1661750 679 1 176
2771250 14694 1 189
2771250 14694 1 189
2771250 28744 1 179
2771250 12606 1 172
2771250 12606 1 172
3001000 14902 1 196
3001000 24780 1 174
3001000 679 1 195
3001000 4571 1 174
3211250 26006 1 185
3211250 23662 1 178
3211250 239 1 190
3211250 17706 1 184
3211250 17706 1 184
3211250 17706 1 184
3211250 3390 1 189
3211250 11963 1 138
3211250 11076 1 186
3211250 27155 1 185
3211250 27155 1 186
3211250 15584 1 136
3211250 6148 1 193
3211250 6148 1 193
3211250 4411 1 147
3211250 27443 1 179
3211250 10393 1 152
3581250 11781 1 147
3581250 26546 1 156
3581250 23214 1 189
3581250 5086 1 182
3581250 17783 1 161
3581250 23482 1 161
3581250 23482 1 161
3581250 23482 1 161
6257000 530 1 135
6996000 6305 1 159
6996000 16067 1 141
9720000 29442 1 189
11362000 10240 1 141
11362000 10240 1 141
11362000 10240 1 141
11362000 10240 1 141
11362000 8693 1 190
11362000 8693 1 190
11362000 17232 1 161
11687000 8689 1 183
11687000 8689 1 182
11847750 3555 1 188
12008000 16331 1 192
12215000 28463 1 148
12215000 18743 1 152
12215000 20831 1 141
12215000 6672 1 179
12215000 6672 1 182
12215000 6672 1 182
12215000 6672 1 179
1969000 4411 1 185
1969000 18002 1 179
1969000 5469 1 185
4770500 5876 1 190
4770500 10404 1 170
4770500 10404 1 170
4770500 10404 1 170
4770500 10404 1 170
4770500 27191 1 171
4770500 6988 1 145
4770500 6988 1 145
4770500 6988 1 145
4770500 6988 1 145
4770500 6988 1 145
4770500 6988 1 145
4770500 6988 1 145
7002750 1481 1 181
7002750 1481 1 181
7002750 5081 1 181
799000 8278 1 147
799000 21946 1 190
799000 16331 1 194
799000 24341 1 167
799000 27791 1 171
799000 27791 1 171
9035750 21919 1 185
9035750 9881 1 176
9035750 9881 1 176
9035750 19973 1 177
9035750 6839 1 150
9035750 25381 1 169
9035750 26434 1 162
9035750 4479 1 171
9163000 7977 1 193
9163000 5594 1 194
9163000 26576 1 154
9163000 6096 1 149
9163000 6096 1 149
9163000 6096 1 149
9163000 6096 1 149
9244000 13471 1 191
9244000 7868 1 139
9244000 7868 1 139
9244000 7868 1 139
9244000 7868 1 166
9244000 7868 1 139
9244000 7868 1 160
9244000 7868 1 160
9244000 7868 1 160
9244000 7868 1 166
9244000 7868 1 160
9244000 7868 1 166
9244000 7868 1 166
9244000 7868 1 166
9244000 7868 1 160
9244000 14227 1 184
9244000 16177 1 168
1046250 10678 1 181
1046250 6621 1 195
1046250 27791 1 191
10768750 4683 1 196
12027000 24334 1 158
1906000 1831 1 183
1906000 9532 1 185
1906000 9532 1 185
1906000 16540 1 185
1906000 12220 1 137
1906000 12220 1 137
1906000 12220 1 137
1906000 9567 1 183
1906000 2683 1 186
1906000 2683 1 186
1906000 2683 1 186
1906000 2683 1 162
1906000 2683 1 162
1906000 2683 1 186
1906000 2683 1 186
1906000 2683 1 162
1906000 2683 1 186
1909250 4411 1 156
1909250 12729 1 138
1909250 26523 1 163
1909250 14209 1 179
1909250 14209 1 179
1909250 14209 1 179
1909250 14209 1 179
1909250 14209 1 179
1909250 10014 1 165
2874500 10840 1 136
2874500 10840 1 141
2874500 22094 1 140
2921750 5324 1 139
2921750 7105 1 170
2921750 143 1 142
2921750 143 1 142
2921750 27791 1 136
2921750 27791 1 136
2921750 27791 1 136
2921750 27791 1 139
2921750 27791 1 139
2921750 27791 1 136
2921750 27791 1 136
4184250 178 1 183
4184250 28710 1 178
4184250 4949 1 178
4184250 23928 1 143
4184250 23928 1 143
4184250 23928 1 143
4184250 241 1 181
4184250 241 1 185
4184250 241 1 184
4184250 241 1 186
4184250 241 1 186
4184250 241 1 183
4184250 11687 1 172
4215750 19574 1 173
4215750 14415 1 162
4215750 2685 1 191
4215750 1037 1 191
4215750 12674 1 146
4215750 23928 1 157
4215750 23928 1 157
4215750 9392 1 138
4215750 7230 1 193
4956000 21337 1 178
5108000 22556 1 156
5108000 27659 1 153
5108000 10532 1 189
5108000 15718 1 148
5108000 3627 1 156
5108000 22359 1 164
5108000 29203 1 193
5108000 29203 1 193
5108000 10193 1 138
5108000 4571 1 195
5108000 7070 1 191
6874250 2683 1 181
6874250 2683 1 167
6874250 2683 1 167
6874250 2683 1 167
6874250 2683 1 167
6874250 2683 1 167
6874250 2683 1 181
6874250 2683 1 167
6874250 2683 1 167
6874250 2683 1 167
6874250 2683 1 181
6874250 2683 1 167
6874250 2683 1 167
6874250 15584 1 136
6874250 15584 1 136
6874250 15584 1 136
6874250 15584 1 136
6874250 15584 1 136
6874250 15584 1 136
6874250 15584 1 136
6874250 15584 1 137
6874250 15584 1 137
6874250 15584 1 136
6874250 15584 1 138
6874250 15584 1 136
6874250 15584 1 136
6874250 15584 1 136
6874250 15584 1 138
6874250 15584 1 136
6874250 15584 1 136
6874250 15584 1 136
6874250 15584 1 138
6874250 15584 1 136
6874250 18805 1 173
6874250 18805 1 173
6874250 1771 1 135
6874250 28410 1 182
6874250 28410 1 182
6874250 8637 1 138
6874250 8637 1 138
6874250 8637 1 138
6874250 17214 1 152
8040000 22547 1 160
8040000 17400 1 158
8040000 21796 1 156
8040000 239 1 181
8040000 20300 1 162
8040000 1335 1 154
8040000 5043 1 156
9103250 6655 1 176
9103250 876 1 154
9344000 14795 1 195
9344000 17024 1 195
10095000 2836 1 148
10095000 14261 1 165
10095000 14261 1 182
10095000 14261 1 182
10095000 19973 1 177
10095000 8278 1 147
10095000 26699 1 146
10095000 13494 1 195
2078000 24669 1 164
2078000 14446 1 188
2078000 26608 1 189
2078000 6839 1 167
2078000 28616 1 155
2078000 16944 1 169
2078000 27791 1 196
3787750 2610 1 196
3787750 2610 1 196
3787750 2610 1 196
5898500 17732 1 186
5898500 15921 1 187
71250 8775 1 196
7367000 155 1 177
7367000 7061 1 192
7367000 11888 1 189
7367000 18730 1 186
7367000 15686 1 195
7367000 15686 1 195
7367000 15686 1 195
7367000 21975 1 159
7367000 21975 1 159
7367000 21975 1 159
7367000 21975 1 159
7367000 21975 1 159
7687500 3174 1 163
7687500 23748 1 181
7687500 26607 1 189
7687500 8173 1 190
7687500 12285 1 190
7687500 22994 1 172
9811750 22846 1 159
10064500 25830 1 149
11612500 18075 1 193
11612500 16672 1 150
11612500 29334 1 139
12065000 12453 1 170
12065000 12453 1 170
12065000 2270 1 135
3226500 27791 1 173
42000 8890 1 167
5754500 3665 1 189
5754500 15896 1 183
5754500 16836 1 196
5754500 3954 1 164
5754500 3954 1 164
5754500 8725 1 196
5754500 12647 1 145
5754500 8307 1 176
5754500 8307 1 176
7787500 24340 1 158
8649250 18024 1 194
8649250 6571 1 164
8649250 16939 1 181
887500 18946 1 185
887500 11080 1 185
9173750 14097 1 171
9706000 3809 1 179
981000 12737 1 177
981000 12394 1 181
10054250 1079 1 138
1459750 28059 1 169
1966250 7186 1 155
3054250 7248 1 135
3293750 12758 1 174
3293750 7070 1 171
3293750 25193 1 175
3293750 25193 1 175
3293750 25193 1 175
3293750 25193 1 175
3293750 25193 1 175
3952000 9111 1 196
5906250 13784 1 186
5906250 27791 1 166
10393750 3438 1 154
10393750 3438 1 154
10393750 2437 1 195
10393750 2437 1 195
10393750 2437 1 195
10393750 2437 1 195
10393750 17531 1 137
11493000 9072 1 172
11493000 9072 1 172
11894500 26619 1 160
1446250 18712 1 181
1446250 700 1 179
1446250 7105 1 166
1446250 7105 1 166
3188000 9567 1 149
3188000 9567 1 149
3520000 22126 1 154
3520000 20184 1 177
3520000 21336 1 157
3520000 1337 1 144
3520000 5254 1 160
3520000 14415 1 184
3520000 14415 1 184
3520000 10325 1 160
3520000 12758 1 147
3520000 29099 1 163
3520000 14788 1 164
3520000 24434 1 168
3520000 3999 1 169
3520000 24984 1 191
3520000 24669 1 164
3520000 23928 1 155
3520000 23928 1 155
3520000 16846 1 156
3520000 21919 1 196
3520000 12795 1 184
364250 11679 1 136
364250 11679 1 136
38250 18730 1 141
38250 14265 1 173
38250 14265 1 173
5959000 14153 1 191
5959000 14153 1 191
5959000 14153 1 191
5959000 18805 1 162
5959000 14242 1 153
5959000 14242 1 153
5959000 14242 1 153
5959000 14242 1 153
5959000 27791 1 196
7345250 5845 1 143
7345250 2750 1 196
7345250 2750 1 196
7699500 8173 1 190
7699500 8719 1 140
7699500 8719 1 140
7699500 18730 1 155
7699500 18730 1 155
7699500 1031 1 135
7699500 3979 1 163
7699500 11793 1 166
7699500 11793 1 166
7699500 360 1 135
7699500 1222 1 177
83250 4220 1 195
83250 7409 1 195
83250 15434 1 172
10047250 8976 1 144
11142000 28378 1 177
11142000 18180 1 185
1381000 17958 1 177
1381000 17958 1 176
1381000 27637 1 185
2428500 22915 1 160
380000 22094 1 164
380000 22094 1 164
380000 22094 1 164
380000 22094 1 164
4102750 22523 1 169
4922750 18489 1 167
4922750 18024 1 162
4922750 18024 1 159
4922750 18024 1 159
4922750 18024 1 171
4922750 18024 1 171
5769750 24503 1 155
5769750 24503 1 155
5769750 24503 1 155
5769750 24503 1 155
5769750 24503 1 155
5769750 24503 1 155
5769750 24503 1 155
5769750 24503 1 155
5769750 24503 1 155
5769750 24503 1 155
5769750 24503 1 155
5769750 16116 1 155
5769750 4440 1 165
5769750 16818 1 176
5769750 20147 1 146
6619500 16952 1 146
6619500 1917 1 192
6619500 5221 1 175
6619500 15934 1 163
6619500 15089 1 167
7927750 12680 1 196
7927750 26288 1 186
8129250 8637 1 167
8129250 25733 1 166
8129250 7045 1 176
10063000 22393 1 135
10309250 11329 1 138
10309250 10999 1 180
10309250 8089 1 164
10309250 9472 1 168
10309250 5043 1 194
10513000 6147 1 163
11111500 12379 1 140
11111500 27791 1 138
11111500 27791 1 138
11111500 27791 1 138
11111500 27791 1 138
11321750 24907 1 152
11321750 11730 1 185
11936000 28470 1 166
1240250 2160 1 192
1240250 2160 1 192
145750 7409 1 166
145750 3847 1 159
145750 3847 1 159
145750 24242 1 158
2251750 29385 1 142
2251750 23549 1 142
2251750 23549 1 142
2251750 23549 1 142
2251750 6571 1 191
2492500 19005 1 146
2492500 19005 1 146
2492500 19005 1 146
2492500 19005 1 146
2492500 19005 1 146
2492500 19005 1 146
2492500 19005 1 146
2492500 16939 1 191
5012750 7963 1 139
5012750 7963 1 139
5012750 7963 1 139
5143250 6287 1 171
5143250 6287 1 171
5143250 14482 1 192
5143250 19457 1 181
5143250 12736 1 185
5143250 26394 1 193
5143250 26394 1 193
5143250 16609 1 176
5143250 28641 1 146
5143250 10949 1 182
5143250 23549 1 184
5143250 5429 1 195
5143250 18542 1 194
5143250 26614 1 182
5143250 26614 1 182
5143250 26614 1 182
5143250 26614 1 182
5143250 9563 1 188
5143250 13067 1 193
6848750 202 1 171
6848750 8689 1 176
6848750 8689 1 179
6848750 8689 1 179
6848750 8689 1 179
6848750 4163 1 143
6848750 2891 1 161
6848750 13354 1 141
7545250 11679 1 193
7545250 3228 1 193
8271000 11280 1 162
8271000 11280 1 162
9782000 5086 1 149
9782000 14902 1 184
9782000 18758 1 192
9782000 5367 1 192
10069500 4571 1 162
10069500 6665 1 174
10069500 24447 1 139
10069500 18519 1 136
10069500 18519 1 142
10069500 10740 1 136
10069500 10740 1 172
10069500 14408 1 136
10069500 18084 1 178
10069500 2257 1 172
10401500 22950 1 196
10401500 22950 1 196
10401500 22950 1 196
10401500 22950 1 196
10401500 18465 1 196
11874000 29203 1 139
1324500 27927 1 186
1324500 27927 1 186
1324500 14482 1 149
1324500 5336 1 195
1324500 5336 1 195
1324500 5336 1 195
1324500 5336 1 195
1324500 5336 1 195
1324500 5336 1 195
1324500 5336 1 195
1324500 6980 1 189
1324500 20872 1 164
1324500 6305 1 162
1324500 6305 1 162
1324500 7868 1 186
1324500 7868 1 163
3981750 5185 1 189
3981750 22280 1 194
3981750 3228 1 193
3981750 23143 1 195
3981750 27791 1 165
452750 14796 1 163
452750 12110 1 170
452750 18491 1 170
452750 11060 1 157
452750 251 1 157
452750 6672 1 177
452750 10872 1 147
452750 22547 1 147
452750 25488 1 177
452750 16460 1 162
452750 17352 1 145
452750 14581 1 148
452750 14020 1 155
452750 141 1 153
452750 19973 1 177
47000 1950 1 143
47000 2999 1 169
47000 18835 1 158
6003750 11679 1 189
6003750 3913 1 167
6003750 16176 1 191
6003750 23698 1 178
6003750 530 1 136
6003750 20256 1 155
6003750 27487 1 165
6003750 16944 1 155
6003750 8792 1 190
6003750 8792 1 190
6003750 8792 1 190
6003750 8792 1 192
6003750 23013 1 169
6003750 23013 1 180
6003750 23480 1 159
6003750 2251 1 142
6003750 22749 1 175
6754250 20152 1 173
6754250 26789 1 165
7016500 1366 1 150
7016500 24193 1 175
7320250 26728 1 147
7320250 26728 1 147
7320250 26728 1 156
7320250 26728 1 147
7320250 26728 1 152
7886000 15934 1 138
7886000 9472 1 135
7886000 9472 1 135
7886000 9472 1 135
7886000 9472 1 155
7886000 9472 1 135
7886000 9472 1 135
8033500 13888 1 143
8033500 16939 1 186
8033500 28653 1 181
8033500 28653 1 181
10261750 17061 1 147
10261750 17061 1 164
10261750 17348 1 149
10261750 19394 1 183
10261750 19394 1 185
10261750 17405 1 186
10261750 1222 1 154
10261750 1222 1 154
10261750 28270 1 181
10261750 28270 1 181
10261750 3438 1 164
10261750 14261 1 137
10261750 14261 1 137
10261750 14261 1 137
10261750 14261 1 174
10261750 14261 1 178
10261750 14261 1 174
10261750 14261 1 178
10261750 14261 1 178
10261750 14261 1 137
10261750 15645 1 171
10261750 16331 1 193
10261750 18024 1 149
10588000 849 1 139
10588000 9209 1 194
10790500 15716 1 143
11730000 28286 1 166
11730000 21565 1 190
11730000 21565 1 190
11730000 8296 1 160
11730000 6193 1 184
11730000 17181 1 195
11972750 647 1 184
11972750 28855 1 174
11972750 7260 1 146
11972750 7260 1 146
11972750 7260 1 146
11972750 7260 1 146
11972750 4846 1 196
11972750 4846 1 196
11972750 7936 1 174
11972750 7936 1 174
1724000 29099 1 164
2168250 15200 1 145
2168250 13494 1 141
2168250 13494 1 141
2168250 13494 1 141
2168250 13494 1 141
2168250 13494 1 141
2168250 13494 1 141
2870250 17606 1 196
2870250 17606 1 179
2870250 17606 1 179
2870250 17606 1 196
2870250 4003 1 179
2870250 4003 1 186
2870250 7096 1 179
4902250 23628 1 172
4902250 23628 1 172
4902250 23628 1 172
5052000 5150 1 158
711500 26722 1 178
711500 26722 1 178
711500 26722 1 186
711500 26722 1 188
711500 26722 1 186
711500 26722 1 169
711500 26722 1 178
711500 26722 1 188
711500 26722 1 186
711500 26722 1 186
711500 4709 1 171
711500 4709 1 171
711500 4709 1 171
711500 4709 1 171
711500 14360 1 171
711500 11578 1 158
9437500 15584 1 136
9437500 489 1 188
9437500 489 1 188
9437500 28662 1 165
9437500 22280 1 157
10492250 3228 1 135
10492250 11061 1 168
10492250 11061 1 168
10492250 26464 1 135
10492250 26464 1 135
10492250 23662 1 178
10492250 4949 1 186
10492250 8996 1 181
10492250 24984 1 191
10492250 18217 1 157
10609250 7409 1 170
10609250 8693 1 192
10609250 8693 1 192
10609250 8693 1 192
10609250 8693 1 192
10609250 20979 1 162
10609250 19702 1 189
10609250 28694 1 149
10609250 21919 1 185
10609250 5598 1 185
1074500 9567 1 194
1074500 9567 1 194
11496750 6927 1 156
11496750 3534 1 179
154500 18805 1 138
154500 18805 1 142
154500 10353 1 183
154500 10353 1 183
154500 10353 1 183
1953250 24415 1 186
1953250 1788 1 196
1953250 25289 1 155
1953250 25289 1 155
1953250 2610 1 167
1953250 2610 1 167
2182750 1539 1 195
2182750 5131 1 157
2182750 7059 1 185
2182750 28184 1 157
2378500 3228 1 193
2378500 3228 1 193
2378500 14153 1 184
2378500 16722 1 138
2920750 27155 1 185
2920750 15173 1 139
2920750 7071 1 142
2920750 23407 1 178
2920750 23407 1 167
2920750 11864 1 139
2920750 22359 1 164
2920750 22359 1 171
2920750 26699 1 146
2920750 17081 1 156
4004500 15315 1 171
4004500 19686 1 175
4004500 6571 1 191
4054000 9090 1 187
4054000 9090 1 182
4054000 11304 1 143
4054000 11304 1 186
4054000 28124 1 141
4133750 25372 1 162
4133750 14248 1 175
573000 16653 1 193
573000 16653 1 193
573000 16653 1 193
7103000 5574 1 185
7103000 5574 1 185
7269250 2729 1 179
7269250 2729 1 179
7269250 24571 1 144
7269250 24571 1 144
7269250 24571 1 144
7269250 24571 1 144
7269250 24571 1 144
7269250 8637 1 172
7269250 23295 1 160
7269250 23295 1 160
7269250 10895 1 144
7269250 20578 1 179
7269250 20578 1 179
7269250 20578 1 179
7269250 20578 1 179
7269250 20578 1 179
7269250 20578 1 179
7269250 20578 1 179
7269250 20578 1 179
7269250 20578 1 179
7269250 20578 1 179
7269250 27791 1 165
7269250 27791 1 172
7476250 4571 1 162
7476250 19416 1 162
7476250 1037 1 194
7476250 1037 1 191
7476250 1037 1 191
7476250 23284 1 176
848500 2000 1 174
848500 19891 1 164
9794000 10368 1 139
9794000 642 1 183
9794000 642 1 183
1140750 1293 1 164
1140750 27912 1 160
1140750 27060 1 176
1140750 22313 1 184
1140750 2251 1 137
1140750 19421 1 167
1140750 25651 1 192
1140750 24172 1 154
1140750 23782 1 153
1140750 5736 1 161
2200750 16768 1 141
2200750 2610 1 179
2200750 24506 1 178
2200750 24506 1 178
2200750 14020 1 174
2200750 18741 1 149
2200750 18741 1 149
2200750 2655 1 190
2200750 12285 1 161
2200750 12674 1 168
2200750 26516 1 161
5239500 14360 1 169
5239500 16939 1 136
5491500 26288 1 174
5491500 6880 1 137
5491500 1962 1 173
5491500 7089 1 177
5491500 18024 1 149
5491500 18024 1 174
5491500 18024 1 149
5491500 15390 1 157
6766250 28945 1 169
6766250 18805 1 176
6766250 27791 1 139
6766250 27791 1 139
6957500 2374 1 169
6957500 23861 1 180
6957500 14153 1 148
6957500 9111 1 175
7657250 3228 1 166
835000 11734 1 171
835000 11734 1 171
835000 23202 1 195
835000 1752 1 195
835000 7059 1 189
8702500 3390 1 154
8702500 3390 1 154
8702500 11196 1 170
8702500 11196 1 170
8702500 11196 1 170
8702500 11196 1 170
8702500 7105 1 174
8702500 16540 1 173
9394500 6880 1 148
9394500 22371 1 157
9394500 26546 1 156
9394500 18491 1 170
9394500 11670 1 137
9394500 20661 1 147
10322250 28967 1 190
10322250 1880 1 190
10322250 5185 1 188
10322250 5185 1 188
10322250 5185 1 188
11984750 251 1 137
11984750 251 1 137
11984750 3627 1 178
11984750 3627 1 178
1815750 5067 1 190
2788750 9914 1 144
2788750 23628 1 196
2788750 3647 1 164
2788750 3804 1 196
2788750 13776 1 196
2788750 5043 1 194
2788750 24907 1 177
3149000 9804 1 181
3149000 9804 1 181
3723750 4078 1 138
3723750 4078 1 184
3723750 4078 1 174
3723750 12271 1 148
3723750 12271 1 149
3723750 25372 1 137
3723750 5598 1 135
4047000 18712 1 160
4047000 22043 1 160
5968250 29099 1 184
5968250 21840 1 196
6654750 16110 1 189
7306250 28754 1 164
8195000 4078 1 181
8195000 5185 1 193
8195000 24519 1 154
8195000 18024 1 189
8195000 28410 1 182
9782500 17550 1 170
9782500 5856 1 182
11552750 27791 1 180
12371000 21372 1 171
12371000 9111 1 141
12371000 24517 1 143
12371000 16376 1 141
12371000 8992 1 164
1758250 6947 1 171
341000 25840 1 174
341000 16564 1 138
5199750 9936 1 191
5293250 20506 1 162
5293250 20506 1 148
5293250 20506 1 148
5293250 20506 1 148
5293250 20506 1 162
5293250 11519 1 195
5293250 4571 1 177
5293250 679 1 173
5293250 679 1 147
5293250 679 1 147
7034000 22887 1 138
7034000 1392 1 135
7034000 13265 1 135
7034000 14266 1 171
7034000 27153 1 142
7034000 17402 1 139
7163250 8689 1 165
7435500 27950 1 181
7435500 27950 1 181
7435500 18024 1 149
7435500 178 1 183
745750 7827 1 145
745750 4578 1 147
745750 19339 1 176
745750 7230 1 146
745750 3228 1 193
9436000 6571 1 194
1104500 2683 1 187
200250 9620 1 178
200250 9620 1 178
200250 9620 1 175
200250 9620 1 178
200250 12052 1 175
200250 19166 1 174
266500 25005 1 183
3266750 10066 1 137
3266750 3228 1 137
3266750 13888 1 141
3310750 11176 1 168
3310750 3458 1 153
3588500 530 1 138
3588500 530 1 138
3588500 27251 1 153
3588500 23779 1 170
3588500 21336 1 159
3588500 21336 1 159
3588500 23782 1 149
4376250 8689 1 187
4376250 11524 1 193
4533750 11431 1 136
4533750 10970 1 171
764750 14153 1 184
8230750 11939 1 178
8230750 24841 1 173
8230750 24841 1 173
8230750 24841 1 173
8230750 24841 1 173
8230750 24841 1 173
8230750 24841 1 173
8230750 4949 1 138
8633500 5833 1 135
8633500 5833 1 135
8633500 8148 1 191
8633500 8148 1 191
8730250 7007 1 175
8730250 911 1 196
8730250 911 1 196
8730250 911 1 196
8730250 911 1 196
8730250 911 1 166
8730250 911 1 165
8730250 911 1 196
8730250 911 1 196
8730250 911 1 196
8730250 28876 1 168
8730250 28876 1 168
8730250 28876 1 168
8730250 7611 1 182
8730250 3228 1 193
8730250 3228 1 177
8730250 3228 1 193
8730250 4571 1 162
8730250 530 1 168
8730250 12068 1 169
8730250 19416 1 162
8730250 28453 1 167
8730250 28453 1 167
8730250 28453 1 167
8730250 18024 1 153
8730250 1119 1 166
8730250 11679 1 136
8730250 11679 1 136
8730250 11679 1 136
8730250 3913 1 168
8730250 8278 1 196
8730250 57 1 165
8730250 1501 1 181
8730250 28653 1 181
8730250 14976 1 182
8799750 18024 1 139
8799750 18024 1 174
8799750 4571 1 162
8799750 4389 1 187
8799750 14261 1 182
8799750 13592 1 184
8799750 679 1 176
9039750 11196 1 188
9039750 11196 1 188
9039750 11196 1 188
9039750 3228 1 195
9039750 3228 1 195
9039750 3228 1 195
9039750 3228 1 195
9199500 4578 1 182
9982500 16009 1 146
3573750 778 1 171
4392000 2610 1 180
4423500 4147 1 196
4423500 4147 1 196
4423500 9111 1 169
4423500 6911 1 136
4423500 29490 1 155
4557250 27228 1 188
4557250 21996 1 189
5155750 18805 1 176
5155750 24669 1 179
5155750 24669 1 179
5155750 24669 1 179
5155750 8173 1 190
5155750 23662 1 178
5238000 15138 1 182
5238000 2683 1 163
5238000 2683 1 163
5238000 2683 1 163
5238000 2683 1 163
5238000 2683 1 163
5238000 11101 1 172
5238000 5936 1 164
5655250 16500 1 155
5655250 9131 1 193
5655250 15645 1 171
5655250 23669 1 196
5655250 3228 1 177
7269750 4019 1 188
7892000 16913 1 168
7892000 25366 1 141
7892000 8489 1 144
7892000 8489 1 144
7892000 10928 1 176
832250 5053 1 149
832250 23782 1 149
832250 22963 1 164
832250 22963 1 164
832250 27791 1 171
832250 27791 1 171
832250 18024 1 164
832250 23143 1 183
8529750 16939 1 141
8529750 28059 1 163
8529750 22583 1 190
8529750 22583 1 190
8529750 22583 1 190
8529750 26883 1 154
8529750 18026 1 175
8940500 4571 1 162
8940500 24172 1 154
8940500 25917 1 163
8940500 23928 1 155
8940500 16952 1 146
8940500 21838 1 163
10592750 25488 1 178
10592750 15934 1 195
10592750 3804 1 196
10592750 646 1 163
10966250 8689 1 176
10966250 8689 1 176
10966250 4949 1 184
10966250 14482 1 165
10966250 13039 1 170
10966250 20456 1 174
10966250 29224 1 183
2331750 22732 1 187
2331750 22126 1 146
2331750 22126 1 146
2331750 22126 1 146
2331750 18805 1 158
2331750 11201 1 140
2331750 2436 1 182
2331750 17214 1 159
2331750 20626 1 187
2331750 9458 1 146
3592750 14694 1 178
3592750 14694 1 178
3592750 14694 1 178
3592750 14694 1 178
3592750 8704 1 156
3592750 16903 1 156
3675000 8851 1 193
3751500 9829 1 148
4814750 26568 1 186
5336750 15344 1 184
5336750 8965 1 192
5336750 13494 1 195
5336750 377 1 162
5336750 26341 1 140
5336750 20146 1 184
5336750 23251 1 170
5336750 679 1 167
5336750 6096 1 149
5336750 5043 1 192
5467250 23157 1 177
5467250 19252 1 181
5467250 8763 1 176
8435250 10999 1 160
8435250 22489 1 135
8435250 7105 1 160
8435250 7105 1 160
8435250 7105 1 167
8435250 21067 1 178
8435250 21067 1 178
8435250 14261 1 182
8435250 11080 1 196
9121750 2000 1 175
9121750 15935 1 172
9121750 4571 1 172
9121750 7868 1 140
9121750 7868 1 172
9121750 7868 1 139
9121750 7868 1 139
9121750 11029 1 172
9121750 2683 1 172
9946250 12754 1 144
1247000 25381 1 169
1247000 25635 1 182
1247000 25635 1 182
1247000 18712 1 160
1247000 20548 1 169
1247000 5043 1 171
2350750 23779 1 137
2882750 11330 1 172
2882750 8943 1 152
2882750 29225 1 183
2882750 29225 1 183
2968250 18758 1 149
2968250 17331 1 162
2968250 1831 1 164
2968250 27625 1 145
2968250 28985 1 140
2968250 18805 1 176
2968250 4578 1 147
3405000 5015 1 182
5226500 23829 1 182
5226500 7868 1 161
5226500 7868 1 161
5226500 7868 1 161
5320000 6167 1 143
5320000 3228 1 192
776750 20695 1 154
776750 18730 1 155
776750 3228 1 193
776750 3228 1 193
776750 2128 1 139
776750 22359 1 164
776750 14182 1 138
776750 26006 1 187
776750 14153 1 188
776750 21146 1 189
776750 2963 1 188
776750 2963 1 188
10212500 12927 1 175
10212500 12927 1 175
10212500 12927 1 175
1025250 4014 1 149
2033500 5009 1 162
2033500 4949 1 174
2033500 4949 1 196
2033500 11176 1 196
2033500 2519 1 147
2033500 1439 1 140
2033500 1293 1 138
2033500 3627 1 170
2033500 3627 1 170
2808500 7560 1 173
4118250 5185 1 190
472000 21565 1 195
472000 2963 1 135
4809000 24178 1 168
4809000 1461 1 157
4809000 9193 1 168
4809000 27637 1 157
4886500 20146 1 184
4886500 17640 1 162
4886500 17640 1 153
4886500 26608 1 150
4886500 18805 1 176
7854500 22244 1 138
7854500 4571 1 195
7854500 530 1 135
7854500 24352 1 169
7854500 20207 1 136
7854500 8278 1 175
7854500 12977 1 165
7854500 527 1 174
11625250 28017 1 185
11625250 28017 1 185
11625250 21628 1 181
11625250 21628 1 162
11625250 3740 1 160
11625250 3740 1 181
11625250 3740 1 143
11947000 11080 1 161
11947000 11080 1 179
11947000 21911 1 179
11947000 12162 1 163
11947000 6505 1 142
11947000 6505 1 142
11947000 20411 1 195
11947000 16865 1 142
11947000 16865 1 139
11947000 8719 1 162
11947000 17959 1 163
3312500 21217 1 164
3734250 6290 1 149
4454500 28184 1 162
5264500 8625 1 175
5264500 4172 1 186
5264500 27791 1 138
5264500 27791 1 138
5264500 27791 1 138
5264500 27791 1 138
7715000 27961 1 146
7715000 19394 1 159
7797000 11196 1 173
7797000 11196 1 173
7797000 6571 1 183
7797000 6447 1 181
7797000 13942 1 168
892500 15217 1 147
892500 239 1 173
892500 239 1 173
892500 239 1 173
892500 239 1 173
892500 239 1 173
892500 3647 1 175
892500 17180 1 155
892500 17180 1 155
892500 17180 1 155
892500 17180 1 155
892500 17180 1 155
892500 17180 1 147
892500 12688 1 147
10818500 9030 1 173
10818500 23779 1 135
10818500 23779 1 135
10818500 23779 1 135
10818500 23779 1 135
10818500 9829 1 150
1173500 5848 1 182
1173500 5848 1 182
1173500 20037 1 177
1173500 20037 1 177
1173500 20037 1 177
1173500 24869 1 146
1173500 8049 1 179
1173500 8049 1 179
1173500 8257 1 180
1173500 8257 1 180
1173500 15931 1 189
1173500 15192 1 149
1173500 23928 1 149
1173500 20143 1 148
1173500 20143 1 148
1173500 20143 1 148
1173500 20143 1 148
1173500 20143 1 148
1173500 20143 1 148
1173500 20143 1 148
1173500 7606 1 189
1338750 12586 1 154
1338750 12586 1 161
1338750 360 1 146
1338750 9620 1 146
1338750 6571 1 170
2448250 12541 1 191
2891500 3047 1 176
2891500 14161 1 161
2891500 819 1 191
2891500 11176 1 161
2891500 8027 1 191
2891500 8027 1 191
2891500 8027 1 191
2891500 20966 1 183
2891500 4949 1 161
2891500 4949 1 161
2891500 4949 1 161
2891500 4949 1 161
2891500 13240 1 176
2891500 7467 1 183
2891500 8724 1 171
2891500 8724 1 171
2891500 8724 1 171
2891500 8724 1 171
2891500 8724 1 171
2891500 8724 1 171
2891500 8724 1 171
2891500 8724 1 171
2891500 2257 1 168
2891500 2257 1 159
2891500 2257 1 168
2891500 2257 1 159
2891500 2257 1 168
2891500 2257 1 178
2940000 18835 1 152
2940000 24486 1 188
2940000 24486 1 188
2940000 11767 1 185
2940000 11767 1 154
2940000 11767 1 185
2940000 12220 1 181
2940000 12220 1 181
2940000 25086 1 192
2940000 25086 1 192
2940000 2683 1 150
4153000 21883 1 147
4153000 9111 1 164
4153000 9912 1 149
4153000 17921 1 173
4153000 20048 1 155
4153000 18075 1 193
4153000 5043 1 173
415500 27437 1 142
415500 28694 1 146
415500 13017 1 172
415500 7542 1 177
4895250 25670 1 162
4895250 12068 1 182
4895250 9152 1 163
4895250 20694 1 156
4895250 28418 1 196
4895250 15478 1 194
4895250 15423 1 195
4895250 15423 1 195
4895250 7248 1 139
4895250 21067 1 176
4895250 23779 1 161
5899750 18730 1 154
5899750 21672 1 154
7976750 3228 1 193
8049000 5067 1 185
8049000 22749 1 175
8049000 22749 1 175
8049000 21094 1 175
8049000 14319 1 193
8628250 15390 1 169
10756500 26972 1 146
10756500 26771 1 153
10756500 6656 1 149
10756500 17706 1 180
10885750 23676 1 164
1118250 3626 1 171
1118250 7061 1 138
1118250 8278 1 175
1118250 8278 1 196
1118250 6672 1 196
1118250 14294 1 172
1118250 7070 1 163
1118250 27346 1 145
1118250 18967 1 148
1118250 15584 1 138
1118250 13494 1 141
12016750 18741 1 149
12016750 18741 1 149
12016750 9671 1 137
12016750 7061 1 138
12016750 3647 1 164
12016750 11849 1 160
12016750 27437 1 138
12016750 15784 1 148
12016750 1000 1 169
12016750 18353 1 181
12016750 15584 1 138
12016750 5661 1 139
12016750 18612 1 139
12016750 4807 1 168
12016750 28653 1 140
12016750 28653 1 140
12016750 7248 1 135
12142750 9834 1 177
1244250 2764 1 153
1244250 19951 1 145
1244250 1691 1 138
1244250 624 1 159
1244250 27670 1 167
1244250 4324 1 187
1244250 4324 1 150
1244250 4324 1 150
1244250 4324 1 187
1767500 20180 1 164
1767500 20180 1 164
1767500 27977 1 163
1767500 27977 1 163
1767500 619 1 168
1767500 7409 1 174
2386250 1008 1 190
2386250 1008 1 190
2386250 1008 1 190
2386250 24507 1 170
2752000 19772 1 191
2752000 14917 1 172
439000 16821 1 181
439000 16821 1 181
439000 16821 1 181
439000 16821 1 181
439000 24060 1 172
439000 24060 1 161
439000 24060 1 161
439000 11499 1 185
439000 3362 1 165
439000 3362 1 156
439000 4221 1 168
439000 2198 1 172
439000 2198 1 172
439000 3228 1 172
439000 647 1 178
439000 1041 1 172
439000 6104 1 185
439000 6104 1 149
5962750 21838 1 195
5962750 1950 1 154
5962750 3228 1 177
5962750 24172 1 154
5962750 27446 1 141
5962750 27446 1 187
5962750 11080 1 156
5962750 9563 1 152
5962750 9563 1 152
7143250 10702 1 155
7143250 10702 1 155
7143250 10702 1 155
7143250 10702 1 155
7143250 10702 1 155
7143250 10702 1 155
7143250 10702 1 155
7143250 10702 1 161
7143250 3074 1 175
7143250 3181 1 161
7143250 26077 1 187
7143250 20751 1 171
7143250 7360 1 187
7143250 10404 1 160
7143250 7613 1 191
7143250 7613 1 191
7143250 217 1 164
7143250 217 1 164
7143250 217 1 164
7143250 217 1 164
7143250 217 1 164
7143250 217 1 164
7143250 13039 1 169
7143250 28985 1 171
7143250 23251 1 170
7143250 21983 1 146
7143250 13784 1 186
7143250 13265 1 174
9123500 26789 1 142
9123500 13888 1 138
9123500 10176 1 148
9123500 18678 1 161
9123500 18678 1 161
9123500 7061 1 138
9123500 4324 1 138
969750 14020 1 138
10539250 10176 1 162
10539250 2812 1 154
10539250 14020 1 190
10539250 14020 1 190
10539250 14020 1 190
1911500 10872 1 147
1911500 18730 1 155
4259500 9111 1 196
4259500 23628 1 196
4259500 8005 1 196
4259500 3135 1 179
5037000 19416 1 178
5037000 12068 1 169
5037000 20803 1 177
5037000 6880 1 158
5037000 4571 1 159
5037000 11196 1 149
5037000 21140 1 162
5037000 21140 1 162
5037000 21067 1 176
5037000 22077 1 164
5279750 14956 1 136
5279750 20386 1 136
5279750 20386 1 136
5279750 20386 1 136
5279750 20386 1 136
5279750 20386 1 136
5279750 6880 1 139
7405250 15125 1 184
746000 7613 1 192
8163500 26959 1 180
8163500 26959 1 180
8163500 28438 1 166
8163500 22621 1 169
8163500 22621 1 169
8163500 22621 1 169
8215250 25372 1 156
9179500 29375 1 161
9179500 17214 1 154
9179500 17835 1 190
9179500 17835 1 190
9179500 17835 1 190
9179500 20823 1 145
9179500 11196 1 163
9179500 11196 1 163
9179500 11196 1 163
9179500 11196 1 163
9179500 11196 1 163
9179500 11196 1 163
9352750 6548 1 168
9352750 6548 1 176
9807250 19890 1 172
9839750 18167 1 186
10972250 12491 1 173
10972250 13672 1 142
11158000 360 1 174
11158000 25169 1 191
11158000 21930 1 178
11158000 5043 1 156
11734000 26546 1 147
11734000 28985 1 179
11734000 7747 1 172
11782250 7127 1 173
2088000 10949 1 182
2088000 10949 1 182
2088000 2198 1 169
2088000 2198 1 171
2088000 13020 1 169
2088000 13247 1 143
2088000 25349 1 143
2088000 19540 1 143
3396250 15138 1 155
3396250 16939 1 143
3846250 23143 1 194
3846250 23143 1 194
3846250 1080 1 152
3846250 2826 1 177
3846250 11882 1 160
3846250 11882 1 177
3846250 11882 1 160
3846250 11882 1 177
3846250 11882 1 177
3846250 11882 1 177
3846250 11882 1 160
3846250 11882 1 177
3846250 11882 1 160
4115500 21899 1 141
4115500 26619 1 194
4370750 16343 1 190
4370750 1666 1 177
4370750 1666 1 176
65500 2452 1 191
65500 6152 1 192
65500 6152 1 192
65500 24196 1 160
8072250 6098 1 149
8072250 6098 1 149
8072250 22095 1 196
8072250 749 1 179
8072250 1392 1 135
8072250 12977 1 162
1492500 26605 1 170
1492500 8637 1 172
1528500 26585 1 141
1528500 22749 1 170
1528500 22749 1 170
1528500 22749 1 170
1528500 1505 1 141
1528500 12977 1 163
1528500 12977 1 163
1528500 12977 1 163
1528500 646 1 163
1792000 6203 1 161
1792000 6203 1 164
2316250 20694 1 156
2316250 28535 1 163
2316250 23475 1 196
2316250 26546 1 156
2316250 9657 1 163
3317500 25366 1 156
3317500 3032 1 157
3317500 22113 1 171
3317500 1917 1 192
3317500 8767 1 193
417250 26800 1 156
4378500 16100 1 138
4378500 16100 1 138
7184500 2159 1 141
7184500 24517 1 189
7184500 28463 1 147
7184500 28463 1 147
7184500 27791 1 138
7184500 16939 1 194
7184500 6352 1 193
8156500 16420 1 148
8156500 8842 1 176
8156500 8842 1 176
8156500 9620 1 167
8156500 25214 1 140
8156500 6665 1 175
8528750 16913 1 168
8528750 16913 1 168
8528750 27791 1 172
8528750 15672 1 165
9586500 17401 1 184
9586500 17401 1 184
9586500 414 1 184
9586500 27888 1 165
11114000 25372 1 187
11114000 25372 1 187
2364500 21865 1 174
2364500 21865 1 174
2733500 13272 1 173
3014750 28166 1 141
3014750 24922 1 146
5170500 6096 1 135
5170500 18805 1 170
5170500 21672 1 196
5170500 19973 1 139
6233750 3458 1 174
6233750 3458 1 174
6233750 10584 1 143
6233750 10584 1 143
6233750 21146 1 139
6233750 26619 1 189
6848000 12977 1 187
8353250 28401 1 164
8353250 22204 1 190
8353250 16331 1 192
8353250 16331 1 192
8353250 4302 1 164
9076750 3665 1 189
9979000 20661 1 147
9979000 6096 1 148
9979000 251 1 157
9979000 251 1 157
9979000 251 1 157
9979000 8628 1 157
11131750 4039 1 191
11794250 1218 1 182
3148500 27346 1 145
3148500 27346 1 145
3148500 155 1 177
3148500 19258 1 145
3148500 28270 1 181
3148500 28508 1 183
3148500 5306 1 146
3148500 14894 1 136
3148500 14894 1 136
3326250 614 1 192
3326250 27389 1 192
3326250 24459 1 182
3326250 8943 1 141
3326250 18712 1 181
3326250 20154 1 192
3404000 18273 1 172
3404000 18273 1 172
3404000 8446 1 155
3404000 8446 1 155
3404000 8446 1 155
3404000 1385 1 146
3404000 3627 1 166
3404000 3627 1 166
3404000 22246 1 154
3404000 22246 1 142
3404000 22246 1 154
3404000 22246 1 140
3404000 22246 1 154
3404000 22246 1 154
3404000 22246 1 154
3404000 22246 1 142
3404000 22246 1 154
3404000 22246 1 154
3404000 22246 1 140
3404000 6246 1 172
3404000 6246 1 172
3404000 6246 1 172
3404000 6246 1 172
3404000 6246 1 172
3404000 6246 1 172
3404000 6246 1 172
3404000 15911 1 136
3404000 6246 1 172
3404000 6246 1 172
3404000 29 1 146
3404000 29 1 146
3404000 29 1 146
3404000 905 1 146
3404000 905 1 146
3404000 905 1 146
3404000 905 1 146
3404000 905 1 146
3404000 905 1 146
3404000 905 1 146
3404000 905 1 146
3404000 905 1 146
3404000 905 1 146
3404000 905 1 146
3404000 905 1 146
3404000 905 1 146
3404000 905 1 146
3404000 905 1 146
3404000 905 1 146
3404000 905 1 146
3404000 905 1 146
3404000 905 1 146
3404000 905 1 146
3404000 905 1 146
3404000 905 1 146
3404000 905 1 146
3404000 905 1 146
3404000 905 1 146
3404000 905 1 146
3404000 905 1 146
3404000 905 1 146
3404000 905 1 146
3404000 905 1 146
3404000 905 1 146
3404000 905 1 146
3404000 905 1 146
3404000 905 1 146
3404000 905 1 146
3404000 905 1 146
3404000 905 1 146
3404000 905 1 146
3404000 905 1 146
3404000 905 1 146
3404000 27791 1 173
4625750 530 1 184
5110750 934 1 179
5110750 21146 1 189
5110750 18167 1 185
5110750 28399 1 196
6301250 20555 1 180
6301250 25917 1 163
6301250 1031 1 135
6301250 8637 1 193
6301250 8637 1 172
6301250 12271 1 163
6301250 8226 1 169
6301250 8226 1 169
6380000 24459 1 194
6380000 24459 1 194
691500 14119 1 162
691500 4270 1 138
691500 19974 1 164
7918750 7479 1 147
8327250 14917 1 166
8822250 4578 1 184
9513250 414 1 190
9513250 12583 1 154
9513250 9195 1 141
9513250 9195 1 141
9513250 9195 1 141
9513250 23861 1 166
11558000 12674 1 176
2198750 18024 1 143
2198750 5429 1 150
267250 15549 1 144
267250 8313 1 159
267250 1237 1 136
267250 5053 1 152
267250 2367 1 136
267250 2367 1 136
267250 2367 1 136
267250 2367 1 136
267250 10690 1 143
267250 10690 1 143
267250 10690 1 143
267250 20297 1 175
267250 21925 1 171
267250 599 1 178
2807500 19379 1 189
2807500 3817 1 189
2807500 3817 1 189
2807500 18024 1 196
2807500 5557 1 159
2807500 1015 1 192
2807500 1015 1 156
2807500 1010 1 189
2807500 1010 1 189
2807500 10014 1 189
2807500 12688 1 189
2807500 12688 1 189
2807500 12688 1 189
2807500 12688 1 189
2807500 12688 1 189
2807500 12688 1 189
2807500 12688 1 189
2823250 2610 1 179
299750 24869 1 138
393250 519 1 180
393250 4949 1 184
6807250 13394 1 162
6807250 7233 1 148
6807250 27791 1 196
791500 3627 1 171
791500 3627 1 171
8909750 20803 1 177
11121500 18024 1 195
11121500 24601 1 190
11121500 6597 1 190
11121500 15799 1 195
11121500 15799 1 195
11129250 11080 1 179
11527500 27791 1 196
11527500 5305 1 174
1365000 13737 1 138
1365000 13737 1 138
1441500 27508 1 183
1688750 12220 1 196
1688750 12220 1 146
2103250 24341 1 165
2103250 20661 1 147
2103250 23549 1 157
3684750 16754 1 189
3684750 16754 1 163
3684750 16463 1 160
4631250 15934 1 139
4631250 13103 1 155
4712250 14276 1 184
5522250 7048 1 170
5522250 15315 1 172
5957500 24966 1 159
5957500 24966 1 159
650750 17772 1 194
650750 18202 1 194
6904000 26546 1 135
731750 11196 1 178
731750 11196 1 178
731750 11196 1 178
731750 11196 1 178
731750 11196 1 178
11352000 7096 1 166
12331000 11330 1 189
12331000 19540 1 169
12331000 21739 1 195
12331000 18180 1 169
12331000 18180 1 189
12331000 18180 1 169
12331000 18180 1 169
12331000 18180 1 169
12331000 18180 1 169
12331000 7542 1 181
12331000 7542 1 181
12331000 26614 1 169
1622500 12285 1 148
1622500 8148 1 167
1622500 8148 1 145
1622500 8148 1 167
1622500 8148 1 145
1622500 24911 1 178
1622500 22027 1 153
1622500 22027 1 153
1622500 14020 1 173
2232500 14261 1 178
252500 18805 1 155
3010000 13975 1 195
4317250 22029 1 168
4317250 22029 1 168
4317250 18628 1 175
4317250 4172 1 149
4317250 12173 1 194
4317250 5619 1 195
4317250 8338 1 149
4475750 12068 1 169
4475750 25651 1 193
4475750 27401 1 187
4475750 18024 1 174
4475750 24944 1 174
4475750 13592 1 184
4475750 1803 1 172
5078750 12433 1 174
5078750 27319 1 169
5078750 17959 1 171
5078750 4949 1 184
5078750 13592 1 184
5078750 21657 1 182
5078750 9111 1 141
5078750 18990 1 138
5078750 18990 1 138
5078750 27625 1 145
5078750 7465 1 193
5078750 1031 1 135
5910250 28525 1 195
5910250 28525 1 162
5910250 28525 1 162
621500 2683 1 164
621500 2683 1 164
6266000 18292 1 176
6921750 2367 1 175
8910750 24929 1 138
8910750 24929 1 138
9685000 5403 1 152
9716500 20694 1 156
9842500 3190 1 148
9842500 21995 1 180
9842500 18805 1 176
9842500 18805 1 176
9842500 18805 1 176
9842500 18805 1 176
1114000 25960 1 140
11939000 25596 1 139
1194750 25366 1 142
1194750 25366 1 142
1194750 25366 1 142
1194750 25366 1 142
1194750 25366 1 142
1194750 25366 1 142
1194750 25366 1 142
1194750 25366 1 142
1194750 25366 1 142
1194750 25366 1 142
1194750 25366 1 142
1194750 25366 1 142
1194750 25366 1 142
1194750 3068 1 156
1531250 22179 1 196
1531250 22179 1 195
1531250 4078 1 138
1531250 6546 1 140
1782250 18024 1 192
1782250 18024 1 192
1782250 14788 1 164
1782250 12143 1 179
190500 18465 1 196
2704750 16483 1 191
3304500 18086 1 153
3304500 18086 1 138
3304500 6158 1 135
3304500 17512 1 165
3304500 17512 1 165
3304500 16540 1 170
3304500 24461 1 188
3304500 24461 1 188
3304500 24461 1 188
3304500 24461 1 188
3304500 24461 1 188
3304500 24461 1 188
3304500 4324 1 179
3304500 18217 1 170
3304500 5081 1 155
3304500 17228 1 188
3304500 17228 1 188
3304500 17228 1 188
3304500 17228 1 188
3304500 4807 1 168
5256500 3775 1 147
5256500 3775 1 147
567250 949 1 169
567250 6051 1 154
567250 19615 1 139
567250 7868 1 155
567250 1237 1 169
567250 21838 1 155
567250 7105 1 152
5751500 26434 1 162
5751500 15086 1 155
5751500 5268 1 162
5751500 2033 1 193
5751500 23928 1 158
5751500 15896 1 183
5751500 24869 1 138
5751500 12977 1 186
5751500 14873 1 169
5751500 14873 1 165
5751500 14873 1 165
599750 29146 1 163
599750 18990 1 194
599750 530 1 135
887750 15934 1 195
887750 28270 1 139
887750 3135 1 178
887750 24764 1 167
887750 17237 1 148
887750 15019 1 195
965500 26546 1 181
10533750 27346 1 196
10533750 26972 1 146
10533750 3032 1 135
10533750 14261 1 165
1181250 7208 1 174
1181250 27390 1 191
1181250 7465 1 139
1181250 22749 1 191
12275500 5429 1 186
12275500 9563 1 176
2480750 20979 1 162
2480750 18172 1 171
2480750 22843 1 162
2480750 15249 1 162
3742000 14482 1 181
3742000 2669 1 138
3742000 26168 1 143
3742000 26168 1 143
3742000 26168 1 143
3742000 26168 1 143
3742000 26168 1 143
3742000 26168 1 143
3742000 26168 1 143
3742000 26168 1 143
3742000 26168 1 143
3742000 26168 1 143
3742000 26168 1 143
3742000 5336 1 144
3742000 11357 1 152
8243500 3047 1 155
8243500 949 1 181
8243500 949 1 181
8243500 4479 1 161
8243500 4479 1 161
8243500 11776 1 155
8243500 11776 1 155
8243500 29099 1 184
8324500 28369 1 157
8324500 7943 1 171
8324500 9657 1 181
8324500 18741 1 166
9351750 11080 1 146
9351750 11080 1 168
9351750 20626 1 188
9351750 2891 1 174
984500 19539 1 171
984500 18730 1 162
984500 28985 1 181
984500 2513 1 196
984500 2513 1 196
984500 2513 1 196
984500 2513 1 196
984500 2513 1 196
984500 27791 1 196
10264750 29203 1 163
11440500 6571 1 176
11440500 20608 1 172
11440500 15584 1 160
11440500 14226 1 175
11440500 7411 1 146
11440500 2179 1 172
11440500 2179 1 172
11440500 2179 1 172
11440500 7936 1 155
11440500 26576 1 175
11440500 1803 1 172
1189000 6548 1 168
1189000 23612 1 184
1189000 23612 1 184
1189000 23612 1 184
1189000 23612 1 184
1189000 23612 1 184
1189000 23612 1 184
1189000 23612 1 184
1189000 23612 1 184
1189000 23612 1 184
1189000 16818 1 184
1189000 27615 1 182
1189000 27615 1 182
11896000 12068 1 182
11896000 3176 1 183
11896000 10872 1 147
11896000 22405 1 160
11896000 19166 1 176
1806750 6621 1 188
19500 19421 1 193
19500 27946 1 189
232000 7105 1 171
232000 18791 1 180
2988000 6548 1 163
2988000 17133 1 189
5139250 18183 1 176
5139250 23826 1 188
5139250 21336 1 147
5139250 11080 1 175
5139250 11080 1 175
5139250 26716 1 159
5139250 17959 1 147
6852750 16939 1 183
6852750 12285 1 183
6852750 7356 1 184
8314250 19416 1 178
8314250 17770 1 190
11949750 43 1 173
11949750 5403 1 154
11949750 5403 1 154
11949750 5403 1 154
12234750 10893 1 153
12234750 6980 1 153
12234750 22126 1 153
12234750 25372 1 172
12239250 26288 1 182
12239250 26288 1 182
12239250 26288 1 182
12239250 26288 1 182
12239250 26288 1 182
12239250 26288 1 182
12239250 26288 1 182
12239250 26288 1 182
12239250 20519 1 182
12239250 20519 1 182
12239250 5856 1 193
12239250 15838 1 172
12239250 14536 1 165
3288250 25651 1 147
3288250 5592 1 136
3288250 5592 1 136
3288250 4750 1 162
4921000 9912 1 149
4921000 23549 1 157
4921000 23549 1 157
4921000 16672 1 138
4921000 28418 1 165
4921000 3032 1 181
4921000 19974 1 164
4921000 14048 1 139
4921000 1031 1 135
5812000 19993 1 174
5812000 19993 1 174
5812000 2683 1 160
5812000 2683 1 135
5812000 2683 1 135
5812000 2683 1 160
5812000 2683 1 138
5812000 2683 1 160
5812000 2683 1 160
5812000 2683 1 181
5812000 2683 1 138
5812000 2683 1 181
5812000 4039 1 190
6172000 7827 1 145
6713250 14261 1 138
6713250 18805 1 189
6713250 18879 1 164
6713250 18879 1 164
6713250 18879 1 164
6713250 18879 1 164
6713250 18879 1 164
6713250 18879 1 160
6713250 18879 1 160
6713250 18879 1 164
6713250 18879 1 164
6713250 18879 1 160
6713250 5185 1 136
6713250 5185 1 136
6713250 27625 1 160
6713250 27625 1 160
7361250 28410 1 180
7921500 15534 1 169
7921500 22556 1 169
7921500 22556 1 169
7921500 22556 1 169
7921500 22556 1 169
7921500 22583 1 161
7921500 23612 1 154
9394250 28899 1 157
9394250 569 1 163
9394250 3228 1 137
9394250 15390 1 169
10592000 19973 1 177
10592000 6951 1 168
11307500 12068 1 169
11307500 12068 1 169
11307500 8628 1 185
11307500 5264 1 185
11307500 18167 1 185
11307500 24944 1 174
12384250 4300 1 141
2253250 28975 1 148
2253250 9220 1 146
2253250 527 1 169
2253250 1031 1 135
4399750 23207 1 170
4399750 23207 1 170
4399750 23207 1 170
4399750 23207 1 170
4399750 23207 1 170
4399750 23207 1 170
5915250 2367 1 178
5915250 2367 1 178
5915250 2367 1 178
5915250 2367 1 178
6234000 12642 1 173
6234000 4220 1 173
6234000 4220 1 163
6234000 4571 1 173
6234000 18051 1 175
6234000 18051 1 175
6234000 1107 1 175
6683750 29203 1 155
6683750 29203 1 155
7830250 554 1 140
7830250 17237 1 145
7830250 17237 1 145
8096750 24887 1 165
8096750 24887 1 165
8096750 24887 1 165
8096750 23628 1 182
8096750 1630 1 135
8096750 5267 1 137
8096750 5267 1 137
8096750 5267 1 137
8430000 27328 1 178
8430000 10480 1 171
10000250 19974 1 152
10566000 11204 1 187
10566000 7868 1 181
10566000 3854 1 187
10773000 14922 1 161
10773000 19615 1 155
10773000 9486 1 149
10773000 9486 1 149
10773000 9846 1 155
10773000 8724 1 137
10773000 18736 1 137
10773000 20608 1 155
10773000 12977 1 188
11711250 10866 1 176
11711250 10866 1 176
11711250 23861 1 164
11711250 23861 1 169
12229000 12588 1 141
12229000 12588 1 141
1617250 1505 1 146
1617250 5667 1 146
1617250 26546 1 135
1617250 28463 1 169
1617250 28463 1 169
1617250 11951 1 176
1617250 11951 1 176
1617250 7061 1 192
4304250 27328 1 144
4304250 14902 1 184
4304250 1155 1 177
4336750 24059 1 148
4658500 27625 1 165
4658500 27625 1 161
4658500 27625 1 165
4658500 25917 1 187
4658500 25917 1 187
4658500 10948 1 186
4658500 10948 1 186
4658500 11330 1 187
4658500 21110 1 153
4658500 12606 1 187
6334000 23120 1 169
6497000 18233 1 137
6780500 29099 1 161
8111500 23793 1 135
10297000 18075 1 180
10297000 18075 1 180
10297000 18075 1 180
10297000 27056 1 139
10297000 27056 1 139
10297000 27056 1 139
10713250 1031 1 135
10713250 14446 1 135
10713250 22633 1 178
10713250 617 1 163
11313000 27092 1 174
11313000 21865 1 193
11313000 17013 1 193
11313000 17013 1 193
11313000 27791 1 155
12004000 7680 1 167
12004000 15307 1 136
12004000 12754 1 181
12004000 16463 1 182
12004000 5081 1 155
12004000 5081 1 155
12004000 18958 1 196
12377250 22313 1 184
12377250 14020 1 173
12377250 8689 1 143
1724250 23236 1 180
1724250 23198 1 149
1724250 23198 1 149
1724250 15269 1 149
1724250 15269 1 149
1724250 15269 1 149
1724250 15269 1 149
1724250 15269 1 149
1724250 15269 1 149
1724250 3228 1 170
1724250 3228 1 170
2322750 12754 1 155
4035250 11159 1 145
4193750 23779 1 161
4852000 29146 1 163
5697750 2367 1 195
5697750 2367 1 195
5697750 16396 1 195
6998500 19416 1 178
6998500 1031 1 138
6998500 1031 1 135
6998500 1031 1 135
6998500 1031 1 135
6998500 1031 1 135
6998500 1031 1 135
6998500 1031 1 135
7116750 10308 1 148
7116750 10308 1 148
7116750 10308 1 148
7116750 10308 1 148
7116750 10308 1 148
7116750 10308 1 148
7116750 23669 1 162
7116750 12541 1 162
7323750 11196 1 192
7323750 3458 1 162
10234000 4039 1 189
10234000 4039 1 189
10234000 8692 1 189
10234000 3719 1 192
10234000 3719 1 192
10234000 24409 1 189
1074750 12285 1 183
1074750 11904 1 184
1074750 11904 1 184
1074750 3699 1 138
1074750 3699 1 138
1074750 3699 1 138
1074750 10171 1 196
1074750 647 1 142
1074750 11080 1 147
1074750 11080 1 147
1074750 11080 1 147
1074750 11080 1 147
1074750 527 1 135
1074750 527 1 174
10976250 11679 1 188
10976250 16952 1 146
10976250 14482 1 162
10976250 27888 1 164
11283500 16463 1 189
3282250 29099 1 191
3282250 2739 1 158
3282250 27638 1 178
3282250 11357 1 152
528250 21146 1 189
528250 12977 1 186
5846250 18200 1 176
5846250 18200 1 176
5846250 18200 1 176
5846250 1831 1 149
5846250 1831 1 149
69500 1917 1 192
69500 4691 1 184
7218000 15859 1 136
7218000 15859 1 136
7218000 21936 1 176
7218000 21936 1 176
7218000 6951 1 164
7218000 11201 1 168
7218000 11201 1 168
7218000 11201 1 168
7218000 11201 1 168
7218000 11201 1 168
8555500 5598 1 187
861250 28707 1 144
10578000 12736 1 163
11590500 18741 1 182
2187500 6158 1 190
2187500 6158 1 191
2187500 23628 1 196
2187500 29203 1 176
3625250 4411 1 136
3625250 18180 1 189
3625250 6057 1 136
3625250 26614 1 189
3625250 26614 1 189
3625250 26614 1 189
3861500 9899 1 183
3861500 7868 1 166
3861500 7868 1 166
3861500 7868 1 166
3861500 7868 1 175
3913250 4235 1 177
3913250 12220 1 188
3913250 14020 1 187
4025000 9894 1 142
620500 15345 1 184
620500 6352 1 146
620500 4571 1 195
10628500 5652 1 168
10628500 5652 1 168
10628500 9846 1 156
10628500 7943 1 171
10628500 4039 1 164
10628500 4039 1 164
10628500 23928 1 155
10628500 11524 1 156
10628500 6820 1 157
10628500 10258 1 167
10628500 26005 1 162
10628500 398 1 155
10628500 398 1 155
10628500 398 1 155
10628500 398 1 155
10628500 28535 1 163
10628500 9392 1 152
10628500 20386 1 161
10628500 23549 1 157
10628500 23549 1 157
10628500 3185 1 175
10628500 18612 1 139
10628500 21336 1 157
10628500 21336 1 157
10628500 21336 1 157
10628500 20751 1 171
10628500 15988 1 154
10628500 21930 1 179
10628500 22313 1 184
10628500 24944 1 174
10628500 26972 1 146
10628500 15784 1 148
10628500 7045 1 162
10628500 7045 1 176
10628500 12285 1 190
10628500 7059 1 157
10628500 18736 1 184
10628500 18736 1 184
10628500 18736 1 184
10628500 18736 1 184
10628500 18736 1 184
10628500 16463 1 176
10628500 27117 1 141
10628500 27117 1 169
10628500 19632 1 171
10628500 2476 1 155
10628500 4807 1 168
10628500 17094 1 175
10628500 26619 1 189
10628500 14486 1 174
10628500 14294 1 173
11535250 2257 1 170
11535250 2257 1 170
11616250 9829 1 141
12061000 16463 1 194
12417500 16913 1 168
12417500 15831 1 175
12417500 29099 1 161
12417500 3438 1 164
12417500 12717 1 164
12417500 8689 1 176
12417500 7061 1 193
12417500 7963 1 141
12417500 15173 1 139
12417500 10082 1 153
12417500 17959 1 176
12417500 17959 1 178
12417500 18024 1 164
12417500 16096 1 156
309750 20902 1 147
3644250 7127 1 169
3644250 7127 1 169
3644250 4775 1 156
3644250 4775 1 156
3644250 4775 1 156
3644250 29473 1 195
3644250 29473 1 195
3644250 18843 1 149
3644250 18843 1 149
3644250 20388 1 155
4620000 27709 1 137
4620000 14486 1 148
5011500 6331 1 138
5011500 23013 1 180
5011500 23013 1 180
5011500 23013 1 180
5226250 16302 1 165
5226250 10726 1 173
5226250 6840 1 170
5226250 21865 1 137
854250 8943 1 140
854250 4571 1 142
854250 9881 1 176
854250 9881 1 176
11169500 953 1 195
11169500 2198 1 192
11169500 19217 1 171
11957000 13380 1 146
11957000 17060 1 193
3249250 28641 1 171
3249250 2513 1 137
3249250 2513 1 137
3249250 2513 1 137
3249250 2513 1 137
4063000 14573 1 157
4063000 19974 1 169
4967250 3528 1 142
4967250 6101 1 138
4967250 6101 1 138
4967250 17642 1 138
4967250 12431 1 180
4967250 12431 1 180
4967250 12431 1 180
6751750 16243 1 149
6751750 16243 1 149
6751750 3068 1 175
6751750 3068 1 175
8745250 7706 1 189
8745250 23086 1 194
11601500 7511 1 176
11601500 12853 1 157
3344750 26333 1 168
3344750 684 1 196
3344750 4452 1 169
3344750 18290 1 171
3344750 18290 1 171
3344750 5310 1 171
3344750 5310 1 171
3344750 7542 1 167
3344750 7542 1 167
3954500 15584 1 136
3954500 15584 1 136
3954500 15860 1 156
4195500 20456 1 174
4195500 20456 1 174
4195500 27407 1 146
4195500 28662 1 164
4195500 20694 1 156
4195500 18905 1 147
4195500 7737 1 154
4195500 7737 1 141
425500 12285 1 173
4852500 16500 1 196
4852500 16500 1 196
4852500 911 1 196
4852500 911 1 196
4852500 911 1 196
4852500 911 1 196
4852500 26288 1 142
4852500 26288 1 142
4852500 26288 1 135
4852500 26288 1 142
4852500 26288 1 142
4852500 5848 1 142
4852500 10151 1 166
4852500 24541 1 156
4852500 24541 1 164
4852500 11665 1 142
4852500 11665 1 142
4852500 7542 1 140
5261000 13592 1 162
5261000 15308 1 135
5261000 15308 1 135
5261000 1591 1 164
5261000 1591 1 164
5261000 21581 1 135
5261000 21581 1 135
6155250 7850 1 161
6155250 7850 1 167
6155250 1773 1 193
6155250 4059 1 176
6155250 15661 1 150
6155250 15661 1 150
6155250 29203 1 172
6515500 23251 1 170
7375000 11201 1 140
8216500 28481 1 162
8216500 6148 1 195
8216500 27791 1 138
8216500 27791 1 138
8845250 4039 1 157
8845250 18736 1 154
8845250 18736 1 154
8845250 25138 1 146
8845250 13962 1 166
8845250 10133 1 154
8845250 11826 1 161
8845250 28653 1 156
8845250 28653 1 156
8845250 12008 1 157
8845250 12008 1 157
9694750 14550 1 138
9694750 14550 1 138
9694750 28409 1 154
9694750 15383 1 183
11300000 13307 1 164
1579250 21160 1 184
1579250 21160 1 184
1579250 5336 1 142
1579250 7105 1 172
1579250 25641 1 147
1579250 4953 1 183
1579250 4953 1 183
1579250 8698 1 185
1579250 15921 1 148
1579250 13737 1 161
1793250 2033 1 162
2797750 28270 1 176
2797750 28270 1 176
2797750 28270 1 176
282500 8818 1 164
282500 12055 1 172
282500 12055 1 172
282500 9899 1 142
282500 2683 1 195
4907500 9709 1 185
5440750 16243 1 161
5440750 2963 1 190
5440750 20701 1 169
8280500 13971 1 168
8573000 2323 1 189
8573000 6158 1 190
8573000 6158 1 190
8573000 6158 1 190
8573000 19828 1 189
861750 12790 1 167
861750 5660 1 167
861750 27791 1 158
9055750 11201 1 185
11225500 24869 1 138
11225500 24869 1 136
11225500 25960 1 173
11225500 4731 1 155
11225500 16463 1 173
11225500 13020 1 172
11225500 23342 1 143
11225500 8628 1 141
1561250 989 1 155
1561250 7096 1 161
2975500 16670 1 186
2975500 11329 1 138
2975500 14226 1 138
2975500 14153 1 188
2975500 12680 1 186
3350250 24765 1 181
3350250 24765 1 181
3350250 24765 1 181
3350250 24765 1 175
3350250 24765 1 181
3350250 24765 1 181
418500 18002 1 182
418500 18002 1 182
5865750 1031 1 135
5865750 911 1 154
8385000 19217 1 166
8385000 19217 1 162
8385000 21110 1 162
8385000 26332 1 172
8385000 504 1 187
8385000 18080 1 188
8385000 18080 1 188
8385000 16463 1 162
11747250 11244 1 189
11747250 11244 1 189
11747250 11244 1 189
11747250 9525 1 154
11747250 16154 1 155
11747250 24892 1 154
12386500 2367 1 196
12386500 2367 1 196
3031750 21565 1 180
3031750 21565 1 180
3031750 21565 1 180
3031750 19772 1 191
3031750 2783 1 185
3031750 13878 1 163
3031750 15988 1 154
3031750 29099 1 184
3031750 11263 1 182
3031750 11263 1 182
405000 1135 1 183
4256000 18741 1 165
4256000 7692 1 191
4256000 24944 1 174
4256000 5661 1 139
4256000 16331 1 192
4256000 14153 1 184
4256000 23019 1 148
4880250 3382 1 148
4880250 15617 1 177
5354000 18024 1 139
5354000 18990 1 184
5354000 4595 1 160
5354000 20180 1 161
5354000 20180 1 162
5354000 20180 1 150
5354000 20180 1 162
563500 3219 1 139
563500 15032 1 136
5642000 13450 1 142
5642000 10726 1 195
5642000 10726 1 195
5642000 3181 1 161
5642000 11080 1 185
5642000 26121 1 157
5642000 14873 1 161
5642000 16009 1 168
6412750 5014 1 175
6572500 17945 1 165
10052000 12754 1 173
10052000 7680 1 190
10052000 12610 1 140
10052000 21110 1 190
11761750 554 1 148
11761750 554 1 148
11761750 28975 1 148
1838000 11259 1 154
5292000 8643 1 141
5292000 8643 1 141
5292000 8643 1 141
5292000 8643 1 141
5292000 8643 1 141
5292000 8643 1 141
5292000 23779 1 182
5407750 178 1 183
5407750 16821 1 186
5407750 27060 1 176
5742000 10694 1 184
5742000 5593 1 146
5742000 5593 1 142
5742000 19523 1 168
5742000 19523 1 168
5742000 19523 1 168
5742000 19523 1 168
5742000 19523 1 168
5742000 19523 1 167
5742000 19523 1 168
5742000 19523 1 170
5742000 8238 1 193
5742000 25261 1 190
6433000 17087 1 188
7450000 8637 1 172
7450000 20661 1 149
7450000 9220 1 146
7450000 29202 1 138
7450000 29202 1 138
7450000 29202 1 138
7450000 27791 1 172
7450000 12977 1 186
8051750 7936 1 188
8100250 22489 1 135
8100250 7868 1 153
9069000 17405 1 187
9069000 28017 1 139
9069000 28017 1 139
9069000 28017 1 139
9069000 28017 1 193
9069000 28017 1 191
9069000 28017 1 191
9069000 28017 1 186
9069000 28017 1 193
9069000 28017 1 186
9069000 11864 1 139
9069000 17446 1 183
10312750 20367 1 189
10312750 20367 1 189
10312750 28201 1 189
10312750 12886 1 157
10312750 9563 1 157
10521000 19105 1 144
10521000 9045 1 140
10521000 6856 1 164
1525000 9620 1 194
1525000 11196 1 163
1525000 11196 1 163
239250 27060 1 140
239250 19742 1 140
239250 8603 1 149
239250 18990 1 173
239250 16854 1 150
6358500 16873 1 187
6694750 20456 1 174
6694750 9472 1 155
6694750 5053 1 150
6694750 27149 1 170
6694750 12977 1 185
6694750 14020 1 196